commodity,e_0,e_1,e_10,e_100,e_101,e_102,e_103,e_104,e_105,e_106,e_107,e_108,e_109,e_11,e_110,e_111,e_112,e_113,e_114,e_115,e_116,e_117,e_118,e_119,e_12,e_120,e_121,e_122,e_123,e_124,e_125,e_126,e_127,e_128,e_129,e_13,e_130,e_131,e_132,e_133,e_134,e_135,e_136,e_137,e_138,e_139,e_14,e_140,e_141,e_142,e_143,e_144,e_145,e_146,e_147,e_148,e_149,e_15,e_150,e_151,e_152,e_153,e_154,e_155,e_156,e_157,e_158,e_159,e_16,e_160,e_161,e_162,e_163,e_164,e_165,e_166,e_167,e_168,e_169,e_17,e_170,e_171,e_172,e_173,e_174,e_175,e_176,e_177,e_178,e_179,e_18,e_180,e_181,e_182,e_183,e_184,e_185,e_186,e_187,e_188,e_189,e_19,e_190,e_191,e_192,e_193,e_194,e_195,e_196,e_197,e_198,e_199,e_2,e_20,e_200,e_201,e_202,e_203,e_204,e_205,e_206,e_207,e_208,e_209,e_21,e_210,e_211,e_212,e_213,e_214,e_215,e_216,e_217,e_218,e_219,e_22,e_220,e_221,e_222,e_223,e_224,e_225,e_226,e_227,e_228,e_229,e_23,e_24,e_25,e_26,e_27,e_28,e_29,e_3,e_30,e_31,e_32,e_33,e_34,e_35,e_36,e_37,e_38,e_39,e_4,e_40,e_41,e_42,e_43,e_44,e_45,e_46,e_47,e_48,e_49,e_5,e_50,e_51,e_52,e_53,e_54,e_55,e_56,e_57,e_58,e_59,e_6,e_60,e_61,e_62,e_63,e_64,e_65,e_66,e_67,e_68,e_69,e_7,e_70,e_71,e_72,e_73,e_74,e_75,e_76,e_77,e_78,e_79,e_8,e_80,e_81,e_82,e_83,e_84,e_85,e_86,e_87,e_88,e_89,e_9,e_90,e_91,e_92,e_93,e_94,e_95,e_96,e_97,e_98,e_99
k_0,31,45,53,39,85,54,14,29,1,99,28,31,97,15,80,74,5,13,14,54,8,47,59,50,97,33,51,53,82,5,44,94,52,41,83,43,4,53,21,43,46,75,31,59,60,43,52,89,60,35,29,60,90,63,34,39,97,84,73,32,11,27,57,23,13,34,4,66,64,65,7,63,3,3,86,1,98,64,5,64,54,62,16,39,93,24,35,61,71,89,21,33,92,71,22,83,47,32,54,91,93,66,81,18,73,89,26,19,95,12,21,9,22,86,58,25,40,46,66,47,35,93,51,97,32,23,5,51,50,74,7,33,97,54,82,10,31,66,94,17,10,97,58,91,28,55,12,9,70,71,61,15,97,81,28,55,99,27,57,43,7,71,7,93,39,47,65,68,68,62,74,11,4,64,9,53,19,13,4,72,1,49,32,76,68,81,16,59,4,96,20,39,78,21,89,58,98,76,9,57,58,83,5,20,56,47,23,31,31,71,13,48,1,33,47,81,7,84,61,44,23,50,42,75,36,18,72,2,15,99
k_1,34,69,1,61,24,23,42,61,54,32,21,85,70,78,34,75,87,6,34,51,49,68,31,6,90,52,84,57,8,49,8,35,73,57,89,2,15,7,11,99,78,19,34,54,38,28,60,60,18,30,55,55,3,99,4,31,7,10,7,91,48,69,55,23,23,56,78,63,100,96,84,9,65,81,45,90,42,41,23,58,91,40,29,44,90,33,100,77,60,44,13,92,17,91,73,92,14,75,4,90,25,10,66,90,80,45,87,38,41,20,5,41,11,71,99,37,73,68,41,6,90,77,94,99,26,50,39,7,51,56,34,37,50,26,32,68,72,26,83,51,18,83,1,42,21,31,81,9,61,60,75,42,63,53,98,67,29,45,50,87,46,55,24,40,43,80,54,2,84,71,26,46,77,64,31,22,45,90,95,96,8,97,73,78,35,98,71,80,45,45,30,64,99,76,70,48,61,68,9,4,38,76,4,16,28,77,1,6,72,16,1,43,97,45,54,69,12,19,77,71,72,78,96,32,94,71,1,50,50,16
k_2,59,75,3,49,83,36,62,9,9,69,47,93,60,30,46,76,58,87,95,52,64,45,43,60,98,5,29,10,21,60,9,75,14,36,28,48,51,17,84,92,43,35,61,89,81,22,23,86,26,33,26,95,53,69,83,51,41,98,17,32,47,57,10,90,96,5,51,80,64,15,40,89,79,85,81,6,86,46,74,42,48,92,14,80,64,19,8,91,14,55,26,92,41,80,92,59,83,78,7,9,71,42,14,31,24,84,68,18,14,93,61,31,52,48,61,48,7,64,31,84,40,17,70,59,59,81,3,31,16,55,55,95,49,37,87,83,23,10,24,66,33,8,14,50,99,28,77,29,94,69,81,69,52,94,33,13,31,100,86,71,69,35,84,58,43,68,71,8,21,76,78,63,68,28,67,99,75,56,25,95,84,74,66,51,46,38,28,49,62,30,44,3,31,36,53,5,46,45,9,86,64,52,89,38,19,59,19,100,55,9,51,83,43,15,84,69,49,25,72,42,27,9,31,18,64,48,85,87,2,58
k_3,1,1,85,85,13,82,38,31,7,61,44,62,48,71,2,60,18,15,73,27,69,67,5,69,50,2,23,60,25,60,86,80,99,77,61,66,67,64,86,89,1,77,48,65,58,22,43,90,72,17,78,70,51,32,15,73,50,81,2,1,56,90,79,58,9,47,53,84,94,24,97,43,41,36,42,16,58,31,11,95,83,4,74,11,88,51,77,68,43,68,34,25,85,68,6,93,99,91,27,84,58,99,7,82,30,30,21,96,15,66,95,60,31,100,83,52,3,34,75,93,51,95,5,89,51,7,100,85,88,3,76,34,61,27,99,56,90,87,60,17,28,91,74,98,46,48,48,78,30,56,83,29,86,25,21,25,34,94,50,27,32,59,80,30,85,53,45,44,3,77,94,93,36,70,32,87,95,78,26,14,47,76,83,93,81,90,26,80,39,19,50,1,20,33,29,59,12,18,71,51,2,65,62,25,35,50,77,9,23,46,86,12,76,38,31,21,45,37,26,13,5,45,73,72,100,91,64,95,11,17
k_4,99,100,45,23,61,60,82,75,38,2,27,32,63,94,97,23,16,22,79,38,51,64,76,86,79,68,26,16,88,75,44,32,99,99,43,64,47,4,85,33,2,38,81,37,6,44,63,46,48,24,8,35,81,49,60,84,59,33,81,10,83,31,53,55,35,14,8,14,89,87,75,17,40,39,25,97,4,97,37,60,51,51,11,99,75,34,67,9,100,35,40,30,37,56,72,92,66,41,13,36,99,57,78,98,85,85,50,3,57,52,40,19,91,68,66,60,88,88,7,39,23,81,59,24,78,35,15,22,30,21,48,41,73,27,33,80,26,87,3,81,64,79,94,31,90,11,20,34,37,41,2,70,43,88,72,67,23,60,48,4,73,55,42,45,71,14,64,69,70,54,23,30,68,33,57,64,2,68,36,9,54,24,77,32,16,66,14,85,81,57,37,2,58,56,19,51,27,2,62,59,22,8,99,46,78,2,89,57,28,61,84,59,96,67,90,18,87,26,24,74,35,80,61,49,95,79,71,30,81,43
k_5,9,31,21,64,50,63,89,22,95,62,68,30,16,75,78,14,74,72,38,44,51,24,32,100,77,90,17,25,12,52,78,56,30,47,80,43,84,19,69,34,99,1,29,90,7,48,38,6,30,60,91,71,21,82,47,9,83,35,74,85,79,5,81,66,46,2,77,58,98,70,75,38,43,7,63,69,83,53,79,9,79,54,48,98,43,64,70,60,85,72,25,18,31,62,5,77,25,53,55,66,65,67,7,51,37,39,24,36,10,77,89,33,84,62,36,32,6,64,63,77,21,93,62,76,59,94,72,43,35,36,73,72,55,37,47,21,29,56,23,24,93,5,87,71,72,86,66,33,56,83,81,15,24,72,92,31,6,56,34,30,62,44,73,4,50,48,64,31,49,91,23,83,13,38,88,42,73,89,47,97,10,96,85,34,97,31,77,52,4,47,55,4,69,3,40,81,91,73,11,32,33,50,100,46,41,72,48,64,55,9,77,79,23,98,85,21,26,39,40,99,58,62,22,95,70,99,96,75,92,63
k_6,24,11,92,24,27,21,51,86,79,46,45,23,66,98,52,12,44,39,6,13,27,43,30,96,77,37,19,3,48,20,6,38,62,67,95,1,100,78,10,76,48,17,88,66,51,73,75,5,99,98,26,35,59,41,10,40,59,73,79,68,74,90,73,49,26,29,28,93,50,78,95,30,34,54,96,12,10,98,72,23,78,96,9,74,81,42,63,23,11,20,51,75,43,63,59,80,98,4,13,92,91,9,79,89,98,52,70,30,78,74,79,73,23,96,7,10,24,25,28,79,3,25,52,28,13,88,65,41,16,82,62,18,97,50,52,36,82,1,86,52,82,32,89,100,56,78,85,51,58,80,56,20,83,39,55,70,64,74,29,12,14,30,89,78,94,94,30,67,13,63,39,68,8,15,53,31,25,39,94,76,3,86,17,96,84,57,73,25,71,24,38,4,82,26,58,65,79,61,20,95,59,81,55,55,93,46,82,20,63,90,49,56,45,38,71,35,67,65,59,47,76,78,66,3,70,69,24,35,35,32
k_7,45,10,42,62,64,62,64,91,81,65,40,20,96,43,90,98,4,8,18,28,67,37,28,29,96,3,26,5,24,84,82,40,33,8,98,46,15,31,33,51,64,21,77,30,30,93,62,96,93,97,77,72,45,82,30,90,29,13,79,10,16,14,49,91,86,36,93,58,39,65,25,29,18,72,10,43,48,88,4,86,63,93,24,50,95,89,1,48,70,46,82,42,34,83,61,99,91,99,96,17,18,39,89,51,58,94,51,100,96,82,4,23,46,90,29,10,31,65,2,32,77,29,1,57,42,15,34,45,65,22,85,71,67,5,23,53,2,30,46,16,19,27,63,74,63,30,43,92,17,82,99,28,32,88,84,81,38,10,79,50,19,33,40,19,2,31,42,73,88,89,55,61,52,4,47,27,99,70,9,22,27,55,61,20,79,19,26,1,75,96,29,99,75,7,57,77,28,6,54,20,98,11,94,16,43,63,99,95,10,84,4,6,96,21,53,18,17,92,79,77,95,27,63,53,91,98,93,43,77,52
k_8,10,43,55,25,44,97,43,54,55,67,66,51,3,65,94,59,13,16,38,12,11,26,53,2,21,60,23,14,47,37,20,96,11,34,55,48,14,69,35,71,2,3,80,1,13,31,23,70,75,63,44,33,61,83,15,39,35,58,2,53,70,20,25,92,87,18,68,1,42,72,22,7,75,74,54,69,89,75,69,93,82,40,87,74,28,82,11,11,11,85,100,60,24,87,90,83,32,1,13,3,32,73,58,67,65,13,5,71,15,86,90,41,12,20,10,86,42,11,66,66,18,93,11,2,24,21,61,71,57,36,21,46,100,73,4,50,84,40,85,21,27,100,21,89,77,19,44,3,11,19,76,8,87,25,49,40,44,79,4,20,3,24,83,42,100,78,71,13,20,26,1,37,60,72,12,37,18,98,63,36,71,49,65,74,54,92,71,88,85,58,27,80,19,86,3,1,57,11,71,22,51,55,14,40,53,4,96,64,78,71,23,67,4,76,60,86,2,72,81,34,43,22,36,5,27,53,90,91,1,39
k_9,94,68,74,18,16,97,16,3,21,32,61,21,13,1,52,100,51,29,56,81,35,94,8,76,50,89,85,19,27,70,47,17,1,23,21,33,41,97,47,25,35,45,3,40,41,98,5,45,7,44,99,48,52,46,33,93,87,12,65,13,55,8,23,76,91,80,96,59,62,20,9,76,26,25,14,65,56,23,74,30,99,38,53,5,91,6,68,25,87,73,83,47,26,80,81,79,19,45,6,33,49,79,76,22,84,3,94,28,100,87,46,1,80,68,93,44,59,97,61,14,88,37,30,85,19,49,31,13,100,28,63,40,62,10,13,98,59,92,80,53,83,24,26,87,78,13,44,73,5,61,1,28,26,5,27,90,24,85,36,11,51,54,99,67,16,35,100,22,88,82,13,84,51,84,88,97,91,20,76,10,41,22,99,35,94,80,4,45,11,66,68,61,48,24,76,52,31,75,61,27,63,6,13,22,1,52,24,81,8,5,13,94,17,53,70,54,93,63,21,30,2,76,39,93,65,22,88,3,72,33
k_10,60,82,32,4,69,11,42,59,98,16,58,7,51,20,30,59,14,8,95,56,37,79,74,98,65,62,64,76,72,77,7,33,70,60,16,85,92,3,94,46,44,59,83,5,50,18,84,15,62,49,42,37,7,43,87,99,61,91,47,42,46,25,25,62,21,57,80,66,63,88,18,69,80,45,13,53,76,84,38,30,21,73,71,8,79,10,19,99,62,47,44,3,69,89,86,59,13,81,75,59,77,40,68,61,2,85,31,29,19,69,73,20,39,81,98,28,33,62,77,81,43,84,21,40,9,82,1,46,44,95,1,80,20,1,85,21,64,25,13,54,40,63,25,18,87,19,77,86,88,41,21,46,3,11,72,63,40,29,9,64,68,26,43,84,70,7,7,7,42,69,89,89,20,44,32,40,62,85,14,4,10,17,13,17,35,3,41,100,38,32,56,54,67,60,78,36,59,96,100,63,86,88,55,21,18,97,56,45,41,80,57,43,100,46,76,68,4,73,15,75,30,3,66,45,2,25,89,45,31,10
k_11,92,34,77,62,8,12,66,14,48,22,45,29,42,49,99,58,26,4,39,43,82,57,69,48,70,5,73,47,33,88,93,18,7,44,92,68,16,93,39,60,21,92,55,35,44,74,75,28,48,43,29,55,46,57,86,37,33,78,33,74,14,91,61,57,66,92,85,70,59,41,71,93,37,71,63,41,60,78,92,78,81,43,50,43,84,84,73,66,12,37,81,91,85,91,9,93,59,48,90,94,8,21,83,87,51,31,39,69,47,8,94,78,88,70,22,83,8,47,59,96,10,59,31,97,86,81,100,79,27,58,66,14,2,8,93,88,8,56,87,47,27,66,76,35,75,99,42,58,81,63,78,50,65,84,59,15,42,57,34,94,35,29,69,47,3,62,12,91,56,97,79,42,86,75,16,42,59,52,66,71,58,11,56,42,74,10,4,74,97,34,48,55,16,24,67,72,28,19,46,26,79,69,45,28,55,5,92,34,28,30,3,90,39,86,79,52,47,38,44,54,94,46,77,90,60,61,38,52,9,10
k_12,81,66,36,80,20,86,16,24,8,40,1,34,89,49,58,34,66,59,97,90,66,25,38,3,70,8,48,41,21,24,29,64,91,41,32,85,44,82,59,24,93,100,30,54,82,38,1,40,27,56,19,39,60,98,21,69,16,74,15,8,71,46,28,92,27,9,63,38,11,73,54,65,83,39,51,32,5,94,33,37,88,20,88,91,9,18,26,58,1,59,21,97,31,76,10,35,12,38,14,87,87,96,4,25,62,19,64,74,16,65,27,58,63,15,80,25,24,17,40,84,29,3,29,1,98,26,35,84,91,14,22,90,89,77,66,51,36,59,88,68,67,98,23,72,15,53,35,69,36,68,20,5,61,55,35,60,51,93,78,96,87,31,33,39,52,20,11,57,67,51,24,40,6,36,50,75,44,41,95,27,76,86,96,35,49,69,100,12,88,71,37,71,45,85,78,59,51,2,4,46,11,69,41,55,63,89,69,80,26,9,15,27,92,79,64,72,55,9,7,4,19,16,35,49,3,74,99,25,10,35
k_13,1,29,36,53,14,16,43,2,83,75,77,55,96,74,73,10,83,98,90,89,19,17,46,37,41,100,45,31,50,51,57,31,38,92,29,32,88,15,88,30,61,1,16,87,80,76,32,83,87,74,21,100,59,42,18,42,52,7,87,29,100,18,85,19,92,30,3,32,83,3,2,41,32,85,16,71,25,34,97,68,75,12,21,100,17,82,51,95,67,41,56,81,15,95,59,84,81,93,12,63,56,43,68,18,12,83,60,65,42,74,37,20,77,74,50,18,20,72,89,27,72,67,23,59,37,100,55,41,68,43,71,46,40,22,78,69,68,17,73,69,24,77,95,18,12,87,14,99,92,41,40,42,69,5,36,51,65,92,9,89,44,97,84,92,19,13,45,15,32,38,12,35,80,44,79,2,79,57,30,62,69,51,50,100,61,19,11,89,79,49,60,95,22,31,29,71,34,6,63,94,1,70,41,21,70,47,35,21,70,22,89,70,93,10,10,73,47,37,27,22,29,86,33,38,58,21,92,6,19,15
k_14,53,98,89,11,81,39,68,74,89,71,21,100,81,77,72,32,14,60,48,39,46,92,11,4,65,8,90,76,12,49,80,66,9,99,4,19,74,59,83,55,51,27,93,25,14,46,50,55,14,52,58,11,12,32,11,83,53,37,83,5,60,50,76,88,9,66,82,58,40,98,32,56,19,93,40,46,83,68,53,93,11,12,28,99,84,22,50,95,67,6,93,19,37,96,58,66,62,82,91,49,12,92,10,57,71,80,3,15,45,83,65,61,19,50,31,22,36,89,45,87,46,3,19,73,26,49,1,67,37,64,38,85,5,81,10,3,63,46,53,43,61,18,79,92,75,92,45,93,72,12,32,14,8,7,1,22,83,99,98,97,41,2,64,35,84,22,95,13,19,99,55,94,54,100,71,1,1,80,61,6,7,63,82,84,66,25,24,26,53,64,49,28,13,30,30,2,39,65,72,56,70,18,55,44,40,98,50,57,33,71,87,86,96,26,93,6,74,20,9,95,40,10,57,35,43,49,7,23,9,82
k_15,61,22,38,78,11,27,76,79,80,64,82,91,12,96,34,81,64,42,19,35,72,78,29,25,29,69,46,29,92,68,39,64,14,96,6,11,56,73,90,56,92,48,99,98,62,64,82,53,84,31,81,20,68,30,70,78,71,64,59,44,3,43,19,10,22,74,32,33,54,72,89,37,87,38,25,96,70,76,99,28,63,84,61,77,19,81,20,68,47,5,20,56,90,33,94,81,83,85,79,54,9,14,78,54,10,7,7,90,72,45,46,29,61,13,50,46,89,91,74,74,100,35,7,71,15,97,75,5,58,17,52,74,50,18,42,82,94,38,38,88,1,80,16,17,52,37,51,3,71,44,41,92,6,81,52,99,17,75,9,24,11,14,14,97,17,7,30,14,95,68,49,10,35,74,8,79,79,93,57,58,50,72,28,22,54,14,33,32,51,17,53,3,99,63,42,48,52,18,90,93,44,65,39,18,11,12,32,21,39,19,18,97,87,82,59,31,75,40,66,59,87,24,35,36,4,84,30,63,62,1
k_16,12,25,83,27,97,63,65,43,56,3,73,50,32,51,41,40,86,76,95,89,8,74,1,79,87,72,11,28,28,75,6,86,46,41,70,68,80,77,75,3,7,46,67,14,83,17,67,65,78,92,17,66,48,56,9,63,42,6,41,8,41,18,66,85,2,20,92,61,63,62,6,38,79,20,90,81,68,68,82,32,85,87,33,62,76,85,64,4,48,84,43,43,88,27,20,6,19,64,84,99,89,9,87,8,72,23,67,94,99,75,84,72,52,3,99,44,83,16,48,50,99,47,62,63,97,18,88,86,33,6,54,49,9,20,57,26,30,94,75,5,97,34,16,56,45,69,99,11,67,5,98,18,75,42,55,78,31,63,85,71,49,39,32,61,56,98,19,2,97,41,42,80,16,61,27,97,17,28,54,71,23,73,90,37,94,32,38,73,85,93,48,46,86,41,62,61,69,27,41,75,58,53,58,4,29,48,66,77,66,87,23,88,15,92,74,41,6,88,77,95,99,54,13,9,38,88,61,16,57,59
k_17,86,69,37,66,66,1,92,22,55,65,69,47,30,64,67,95,72,79,72,46,70,8,89,94,29,66,15,32,90,68,35,97,53,74,93,8,52,62,100,5,19,65,95,18,47,39,80,12,70,74,35,85,82,42,28,1,98,96,90,31,99,5,28,76,70,100,55,59,91,26,68,69,51,73,20,17,97,75,6,19,83,15,76,70,80,82,31,8,57,65,21,80,73,12,43,29,43,97,26,31,30,2,35,11,10,2,62,36,89,35,86,9,68,8,63,62,6,40,82,1,87,98,94,7,19,96,42,71,71,15,14,82,86,36,36,50,44,72,17,98,2,39,81,18,73,35,66,27,62,98,30,88,38,25,65,48,29,15,40,87,95,71,95,39,23,5,23,5,31,15,47,35,86,33,61,23,33,30,14,97,67,30,72,67,52,10,53,87,55,12,95,14,38,48,57,21,66,57,9,61,49,97,74,50,32,34,29,28,31,74,10,66,5,3,13,54,58,45,1,73,60,80,69,21,59,51,91,98,62,2
k_18,69,18,56,35,3,73,92,86,54,12,32,92,21,57,15,43,9,37,30,36,58,79,18,56,76,27,91,26,93,71,29,99,45,21,21,55,76,94,77,23,15,41,60,36,25,22,59,25,35,44,86,98,58,88,87,92,14,23,69,27,54,10,87,98,28,51,86,14,12,82,98,81,6,8,65,80,75,71,89,60,63,16,85,1,100,74,87,69,40,21,51,58,96,75,62,22,91,29,75,23,78,65,38,81,89,46,88,1,57,79,19,68,99,30,50,100,50,76,64,82,3,90,49,47,60,39,91,22,60,79,87,100,100,71,6,45,33,69,96,46,28,2,1,64,69,21,58,10,88,82,72,77,24,37,87,97,57,29,14,7,89,18,62,60,84,94,83,66,2,92,35,59,38,53,39,56,95,76,9,22,71,85,13,61,36,57,61,9,80,40,53,87,7,51,43,55,8,54,50,71,94,43,36,83,8,60,47,72,35,56,52,93,5,90,97,50,38,56,32,38,49,61,56,37,62,94,44,92,63,4
k_19,65,92,98,85,48,56,98,19,19,20,26,64,18,58,98,6,81,33,75,40,66,1,91,50,27,100,88,32,76,100,60,9,18,50,32,85,69,27,67,36,38,29,45,96,49,40,8,22,2,69,45,85,33,83,30,89,39,37,90,45,97,62,23,93,18,32,67,53,61,73,81,7,22,46,47,60,68,22,4,67,9,49,76,75,69,16,27,71,36,43,57,74,40,47,95,10,36,90,57,46,25,17,36,67,79,71,69,52,21,82,28,40,62,37,28,31,61,97,4,34,96,96,90,63,92,98,5,10,76,98,14,38,98,51,75,9,3,60,96,53,27,29,33,81,52,96,10,71,48,10,69,20,64,29,90,67,52,2,57,41,63,68,77,3,18,67,61,46,81,72,100,53,32,4,79,44,98,28,51,92,37,23,39,62,77,75,34,97,84,74,38,37,54,94,10,73,73,23,99,79,6,58,12,86,15,34,25,8,95,13,41,94,65,28,78,63,47,41,85,10,17,3,74,31,8,60,22,40,37,56
k_20,30,58,88,94,37,31,95,66,48,93,74,87,26,40,40,14,92,53,7,72,82,69,72,50,99,46,29,92,99,71,9,72,2,98,75,30,55,69,54,63,99,87,79,93,9,8,68,20,8,92,21,46,56,36,29,65,7,41,80,44,31,3,90,57,49,93,32,16,95,50,94,55,30,3,48,68,61,77,75,43,38,25,95,84,28,69,25,15,12,98,69,37,7,49,27,73,25,81,73,77,6,41,93,89,27,27,21,87,76,1,83,82,57,76,2,37,90,81,94,81,49,3,51,17,23,35,29,50,41,19,37,2,49,10,40,93,68,79,24,27,90,5,37,55,58,33,39,5,82,8,67,72,49,37,63,37,31,92,81,94,13,44,48,80,94,37,38,100,56,32,8,99,21,92,78,79,29,75,9,84,29,27,32,30,29,8,47,28,63,52,80,48,20,69,2,30,77,23,25,10,23,12,31,75,80,58,73,2,76,18,65,13,30,100,44,99,52,15,42,42,95,78,34,14,44,5,64,75,16,50
k_21,67,90,10,49,5,44,57,22,90,79,2,58,40,12,83,5,56,56,23,10,26,59,23,42,48,22,25,44,72,77,33,8,10,84,72,52,96,51,65,20,95,96,20,12,31,9,54,9,50,23,31,25,18,7,32,82,47,93,55,22,62,55,32,53,80,64,81,11,69,42,39,29,5,59,14,25,60,42,81,31,44,76,88,94,15,57,54,47,1,4,4,17,50,81,5,96,1,95,81,39,91,89,37,13,69,84,22,76,48,9,1,2,21,98,19,23,15,94,57,47,18,31,79,10,8,49,63,83,55,4,49,57,31,74,67,23,41,21,82,39,47,3,17,5,10,84,22,56,14,74,64,2,72,40,59,10,86,93,33,14,68,47,80,67,11,23,65,7,83,55,98,87,4,13,24,35,5,4,77,26,51,63,52,54,29,2,36,83,21,5,39,55,45,78,31,12,23,31,95,45,67,86,94,17,79,29,82,12,38,35,77,80,6,61,99,68,69,98,49,89,90,43,83,80,85,57,21,40,25,2
k_22,60,42,68,97,9,90,10,79,69,61,78,54,11,97,13,13,29,71,26,8,14,28,16,13,42,20,54,80,70,61,66,41,5,2,69,89,45,19,84,83,21,7,50,37,24,84,11,66,35,24,51,91,91,18,13,24,81,61,66,45,36,26,41,13,93,16,87,45,57,93,31,32,11,43,58,31,11,55,36,34,61,95,18,65,17,67,68,47,39,93,48,19,27,45,18,22,7,85,2,43,34,5,86,18,33,25,34,94,76,36,44,44,64,37,80,35,34,55,41,85,99,73,28,68,55,75,64,13,97,67,78,82,62,34,31,95,62,45,61,31,51,10,63,90,8,23,33,59,49,100,59,71,7,32,20,37,10,59,42,27,59,54,48,45,74,5,98,44,36,29,82,42,82,92,40,35,76,19,53,51,79,63,54,77,37,94,37,93,41,91,51,16,7,91,67,17,27,86,67,3,48,60,34,73,27,59,31,39,33,53,94,81,17,92,61,25,86,54,68,39,93,93,75,37,43,51,93,32,9,23
k_23,91,68,47,1,22,23,98,46,31,92,11,37,2,11,76,22,83,3,59,91,16,31,26,35,19,78,46,80,99,5,35,18,54,71,48,54,29,15,3,70,18,8,31,97,95,81,34,38,43,63,71,63,40,65,94,51,26,31,59,49,56,93,71,58,18,10,86,44,27,96,92,56,41,5,63,45,73,82,46,1,65,38,41,83,53,1,82,8,47,45,16,61,48,17,11,56,84,7,69,64,4,54,82,98,92,35,11,22,82,39,6,64,95,1,3,44,46,37,100,40,59,29,3,64,61,37,2,95,85,53,19,22,81,68,10,61,20,7,84,15,87,78,97,28,25,94,31,48,1,98,86,29,49,86,38,98,78,52,92,62,74,16,20,74,83,97,74,2,95,95,44,35,80,78,21,79,28,28,66,34,93,76,77,89,29,54,31,51,17,99,92,7,40,69,81,93,12,50,6,79,98,28,44,58,54,41,21,88,74,19,63,69,20,11,22,15,2,48,66,63,73,76,55,39,85,24,62,32,88,30
k_24,87,32,16,61,75,8,12,60,10,86,41,12,49,78,61,48,46,58,25,93,87,44,16,55,77,32,34,50,17,10,78,58,63,96,94,60,72,72,34,46,39,79,57,5,5,81,74,14,66,47,80,10,68,2,99,76,65,62,2,75,42,90,14,38,25,33,29,1,24,98,78,80,30,20,98,73,23,85,84,21,39,72,76,12,94,88,22,99,46,10,97,33,50,23,88,70,23,49,88,42,7,57,74,20,94,80,95,54,75,71,87,75,76,39,78,61,41,3,67,15,75,22,55,25,44,86,78,2,9,35,57,77,2,97,72,31,42,77,32,39,44,34,70,79,1,30,23,40,48,36,60,29,72,78,48,96,86,95,98,34,95,63,39,33,21,3,54,84,48,39,39,22,41,74,41,36,99,21,8,59,15,52,75,90,18,53,73,37,39,66,43,81,17,80,54,14,25,71,3,43,33,86,41,75,1,45,93,53,68,25,46,87,62,51,31,43,18,45,92,39,99,24,62,43,13,89,70,83,5,94
k_25,65,32,34,30,95,65,81,23,34,99,29,83,22,73,76,52,12,100,80,20,60,94,71,37,85,55,74,59,87,9,22,87,21,86,5,91,3,25,39,57,94,79,67,30,64,17,13,38,48,57,6,68,13,83,40,92,100,42,67,13,69,45,47,50,14,1,23,86,70,14,9,36,96,89,94,4,2,29,33,1,7,38,38,44,25,55,13,19,78,13,7,19,26,4,75,31,42,32,86,20,94,57,55,27,66,64,35,24,64,83,61,10,60,30,63,70,82,1,2,11,2,64,1,66,31,70,91,80,81,65,97,22,75,44,21,58,94,64,65,20,45,58,19,24,81,20,25,4,14,55,4,15,36,92,85,90,63,62,70,33,41,4,20,28,60,46,27,4,34,35,64,59,95,49,92,14,83,86,30,74,3,27,48,96,39,36,98,18,67,19,33,32,14,36,50,78,60,14,4,64,12,56,60,72,67,93,100,68,97,50,59,63,71,19,91,45,79,82,48,84,30,66,36,64,30,74,24,41,63,58
k_26,88,93,83,89,76,99,15,87,99,62,12,10,69,12,33,55,34,77,32,73,13,71,95,45,88,13,44,58,19,29,78,33,94,15,34,75,35,24,38,49,77,12,41,48,64,52,8,9,32,9,10,35,7,80,19,14,32,57,16,10,43,68,5,46,9,95,89,6,22,28,94,12,20,62,55,84,86,34,78,85,94,48,62,76,3,17,81,20,97,16,93,50,52,26,54,7,35,96,73,11,35,78,72,31,35,46,29,26,19,46,16,6,37,59,1,14,22,6,35,100,88,15,84,83,68,49,39,57,32,60,24,53,16,47,25,76,79,51,33,64,70,62,53,40,14,94,47,74,16,69,4,85,56,88,80,70,44,74,65,64,36,75,58,63,10,53,94,94,99,19,46,81,11,44,64,74,3,19,48,59,21,26,2,100,38,21,47,64,99,2,81,21,35,39,56,90,81,93,10,100,24,87,43,9,5,8,56,21,51,4,19,6,92,97,38,84,69,84,92,35,63,42,94,37,40,58,20,56,84,46
k_27,37,3,91,35,72,52,82,43,18,51,34,95,73,5,5,8,77,5,35,46,36,7,51,72,31,15,68,11,17,79,59,42,85,59,64,49,19,71,42,72,40,15,69,96,4,64,25,31,100,87,70,98,39,66,65,44,58,78,15,46,15,20,73,87,1,54,20,91,38,71,34,11,52,30,70,13,53,98,23,99,82,30,62,52,91,14,9,95,87,95,63,96,96,64,67,54,9,9,53,33,37,28,28,91,29,79,91,45,93,57,49,86,13,62,70,9,25,52,59,88,99,35,57,32,72,34,3,6,47,55,75,28,48,20,93,35,58,96,44,61,90,31,7,38,70,49,43,45,36,57,42,67,36,26,7,79,85,16,49,21,69,3,56,70,18,42,72,99,82,18,45,44,93,27,69,56,68,36,83,8,83,40,40,9,21,85,40,79,26,73,13,74,58,99,49,21,88,34,90,8,83,14,74,90,59,56,44,71,61,17,47,41,25,52,21,35,6,58,20,19,33,52,38,31,61,85,69,56,91,10
k_28,54,57,90,38,90,93,93,63,50,3,5,1,5,23,6,43,43,49,21,6,16,59,2,18,91,77,33,19,69,80,4,22,68,60,90,97,23,48,73,37,15,36,80,15,66,73,77,22,12,71,20,6,52,63,45,67,79,38,57,86,95,60,60,8,87,34,61,55,27,29,27,61,48,14,79,18,90,36,5,70,11,95,72,10,3,59,6,72,33,8,13,46,36,29,82,65,42,88,12,93,74,84,78,75,38,81,19,42,38,100,85,62,42,49,25,94,46,82,12,2,100,83,16,71,54,14,3,73,47,12,22,75,13,16,56,17,9,96,26,17,30,31,2,2,76,45,7,62,14,34,81,28,54,82,64,1,85,25,94,77,81,62,20,10,46,50,18,18,32,75,5,33,49,38,96,96,87,3,16,82,84,3,38,38,64,70,28,82,24,21,9,48,79,21,7,22,36,82,56,10,41,10,88,27,28,74,99,49,36,89,82,57,20,65,85,53,58,57,6,13,47,78,77,43,1,83,83,65,11,52
k_29,52,60,4,74,30,96,59,30,99,23,22,55,88,27,23,81,40,74,88,7,2,14,83,47,6,42,82,4,51,26,76,11,65,87,8,53,86,54,40,24,8,12,3,73,84,100,5,32,97,99,7,35,68,35,12,59,43,9,99,77,40,64,2,51,15,43,8,70,75,32,32,76,25,34,27,69,55,92,72,22,51,19,45,4,62,90,91,15,57,21,36,5,41,94,44,56,11,33,30,22,45,21,49,76,10,40,64,44,20,56,82,80,90,98,85,18,50,50,5,43,83,1,88,9,24,57,46,85,93,94,56,60,78,81,46,91,14,36,57,52,53,26,65,17,1,21,59,48,8,40,17,53,68,96,1,13,28,98,93,19,13,1,99,42,53,63,46,78,80,89,28,6,21,36,70,74,44,67,31,48,94,72,88,4,44,39,68,22,60,67,39,69,44,80,33,4,92,26,99,37,61,94,41,81,32,46,61,59,3,16,47,54,47,71,88,47,60,70,84,75,27,48,86,70,92,61,97,73,38,80
k_30,12,51,40,90,21,74,14,34,4,86,15,91,33,29,30,53,96,42,86,33,54,57,42,17,78,1,4,38,43,15,15,51,13,59,66,1,72,42,37,9,46,22,56,85,24,31,17,68,16,63,16,9,18,46,94,6,47,30,50,72,25,93,60,88,56,18,91,96,91,15,75,35,74,64,66,66,60,39,49,42,13,42,93,39,57,91,85,64,6,31,29,68,21,67,81,41,42,63,92,47,57,51,90,81,87,67,93,95,67,4,84,53,16,73,98,97,49,57,55,100,79,2,27,51,33,32,28,42,84,68,76,88,79,24,72,11,2,22,27,50,2,48,48,91,32,60,94,100,73,46,31,38,2,17,6,40,96,22,6,39,33,46,40,28,13,47,57,52,29,38,30,52,82,20,34,47,31,58,96,39,57,6,75,9,61,16,26,20,86,74,22,59,73,21,74,29,13,57,88,54,14,3,39,30,27,89,76,30,7,95,19,6,32,50,21,6,1,73,40,92,80,79,48,7,39,63,70,73,87,56
k_31,12,97,70,55,94,86,100,7,24,16,100,3,78,74,58,3,2,84,3,4,11,33,52,78,89,77,89,10,23,77,49,12,11,55,7,32,28,9,40,83,86,27,60,43,33,21,4,100,70,67,76,39,39,8,19,31,73,90,3,55,91,12,22,17,35,53,74,98,60,65,73,58,43,75,34,11,57,100,77,60,82,44,62,8,78,97,65,28,48,5,56,13,88,90,15,7,78,54,44,50,84,47,100,20,63,49,21,67,61,62,62,74,29,24,30,52,51,7,1,37,13,83,62,93,36,9,68,49,20,70,16,55,94,53,66,75,34,39,57,79,30,18,26,80,57,64,7,5,51,85,15,50,37,62,75,18,3,34,46,89,24,48,58,30,93,100,70,98,65,24,60,16,64,45,28,99,99,13,52,4,95,62,61,67,3,63,69,27,78,25,12,31,8,17,55,29,48,42,60,14,62,77,77,77,85,40,27,46,82,65,13,61,20,54,64,7,3,30,42,67,3,68,69,78,55,74,3,7,7,38
k_32,29,68,28,86,16,21,29,31,3,73,78,11,15,9,82,34,11,65,75,7,95,47,19,41,69,37,55,28,62,60,79,20,19,83,21,21,15,88,12,16,7,67,35,79,16,43,26,17,89,34,8,25,55,23,10,77,17,25,17,88,87,34,30,36,94,52,44,15,46,89,26,86,26,40,96,78,2,52,3,4,40,90,28,12,88,10,18,67,15,21,32,35,90,96,53,5,10,12,60,33,75,21,78,92,69,35,62,12,20,10,70,84,59,97,66,90,97,61,22,40,28,52,93,87,42,39,38,99,11,78,35,33,11,71,56,28,74,88,16,11,92,59,19,82,44,45,29,83,60,32,86,100,60,93,83,12,94,8,50,30,58,91,37,8,91,39,100,27,23,67,71,15,53,55,73,50,87,76,15,82,99,38,25,33,78,44,7,53,17,6,58,94,62,58,30,71,68,27,49,40,58,34,61,41,67,37,53,8,73,21,38,45,90,97,99,54,70,34,97,37,37,97,5,44,60,56,78,70,42,78
k_33,70,82,17,76,26,8,23,83,19,64,58,13,95,74,54,58,47,3,20,87,56,36,98,43,77,48,37,43,60,61,49,28,5,84,49,90,76,40,99,6,75,73,33,71,69,50,24,2,10,24,40,6,7,4,70,64,91,20,49,73,81,41,87,14,89,8,66,19,92,86,19,35,59,80,67,9,86,60,10,67,65,2,59,78,32,36,28,87,72,23,19,45,57,5,83,89,40,19,15,61,36,14,32,9,64,10,4,100,94,56,51,99,42,91,12,62,70,2,51,75,10,25,52,35,80,98,81,11,33,76,40,91,82,75,9,47,98,56,15,25,55,85,40,57,63,19,42,83,38,99,26,82,39,12,46,76,17,25,17,96,73,47,96,17,41,21,38,29,98,57,90,19,60,25,67,37,82,6,36,72,16,34,78,5,20,84,17,33,23,43,12,47,15,56,75,57,15,7,7,72,34,45,5,17,60,93,28,78,92,27,73,60,11,78,20,84,86,71,58,9,74,40,28,55,14,66,22,51,63,15
k_34,79,21,92,43,51,62,20,42,45,38,100,81,32,82,47,94,74,74,23,74,76,10,20,31,67,41,34,87,79,5,61,93,53,98,55,88,45,67,18,62,82,86,45,56,37,26,61,89,13,45,95,20,85,1,70,14,23,77,82,42,66,12,75,76,55,57,73,23,21,1,28,63,60,14,51,54,52,89,55,15,44,45,55,41,29,10,20,52,88,16,90,69,20,55,93,84,72,27,2,34,32,53,27,91,21,85,29,38,45,92,85,93,64,15,49,69,27,21,88,20,25,77,53,1,19,29,93,29,7,15,90,14,5,98,11,21,22,1,21,42,85,23,89,50,46,59,53,85,4,66,58,72,69,92,100,58,73,31,12,17,56,38,24,22,21,39,62,84,96,53,90,38,73,32,45,47,10,67,92,2,43,81,82,18,11,52,97,47,42,61,53,29,18,60,38,52,38,29,78,6,17,70,32,5,64,88,95,8,91,64,14,85,11,97,38,81,42,92,91,63,35,6,67,41,50,66,85,50,13,20
k_35,98,77,93,4,84,6,30,63,38,94,87,31,74,37,53,74,37,44,32,59,87,36,74,100,50,35,100,44,73,31,100,70,57,29,20,99,17,93,29,82,30,49,89,77,97,73,44,69,8,17,53,75,52,34,16,79,55,4,3,26,82,72,44,14,3,7,16,1,1,94,49,20,66,88,55,1,44,100,71,4,32,59,40,64,5,66,81,6,87,55,91,71,1,30,29,81,71,53,77,94,44,93,46,36,16,55,79,72,16,28,18,86,25,38,5,32,67,45,51,27,57,16,63,49,77,24,29,74,45,96,92,68,21,89,19,80,70,2,64,53,25,88,74,6,18,49,81,43,25,52,32,26,94,56,13,28,28,90,6,20,49,41,60,42,75,3,54,91,65,42,33,91,80,52,99,17,57,90,75,100,41,41,82,46,3,71,45,36,1,77,30,31,87,44,17,92,36,7,13,51,71,12,6,29,89,11,30,2,11,4,18,88,96,55,79,46,17,47,23,98,7,37,30,83,2,15,18,71,78,14
k_36,21,54,17,98,9,81,43,40,94,95,90,39,72,51,47,80,8,56,1,23,63,24,67,88,100,94,50,58,39,43,79,59,31,73,94,87,64,58,20,44,67,38,43,6,45,14,84,46,23,45,47,21,57,58,56,61,80,35,22,37,25,70,77,32,58,24,90,53,42,93,45,28,62,90,81,77,11,53,74,42,22,19,25,85,2,2,35,23,19,53,23,53,69,88,8,32,5,31,51,8,77,37,71,74,30,17,91,93,93,74,28,13,47,70,86,54,41,19,85,43,87,93,58,4,44,72,65,25,10,98,5,94,90,73,84,46,79,54,66,27,57,63,65,42,15,95,43,48,60,22,77,75,63,35,55,61,88,74,83,52,47,91,55,24,44,15,92,2,68,74,42,60,34,85,54,7,40,50,67,35,66,40,92,15,44,81,16,7,97,27,66,22,96,5,71,81,92,68,65,64,33,70,92,88,3,99,4,67,44,25,75,68,56,68,65,8,74,100,30,14,36,67,69,70,89,67,10,73,12,42
k_37,13,52,64,8,84,27,17,98,59,98,92,61,4,98,66,57,16,48,57,70,76,90,64,5,31,55,66,38,69,1,5,79,23,1,74,93,94,34,47,57,71,98,89,46,52,58,35,47,25,60,37,51,69,12,32,87,70,59,5,95,2,65,27,48,77,59,40,31,84,84,88,94,38,58,10,28,8,74,79,27,27,37,96,81,72,22,17,97,24,92,48,21,100,20,44,59,95,65,91,85,41,40,99,91,11,100,67,32,97,89,27,51,49,38,68,86,63,39,37,95,35,53,73,63,62,5,76,81,78,10,24,80,51,26,11,71,28,50,98,60,91,42,88,16,69,82,92,61,11,86,50,54,85,94,14,85,67,69,95,66,86,90,90,17,94,34,54,40,74,52,91,89,20,22,82,85,79,81,53,20,12,15,20,63,47,59,18,18,1,4,68,66,10,44,73,38,70,74,56,35,6,12,41,41,32,23,92,48,93,42,81,91,88,65,14,17,58,63,79,59,39,20,29,28,32,2,22,58,96,39
k_38,21,75,53,88,38,42,17,23,66,33,66,56,20,91,53,80,49,76,75,66,30,28,81,92,15,7,37,62,15,11,88,38,13,93,88,1,66,38,16,35,40,24,48,20,59,33,81,22,78,96,41,49,7,70,67,73,38,35,63,16,46,34,58,63,5,31,64,19,35,23,19,24,8,22,78,22,37,66,82,48,25,55,82,52,39,76,33,57,74,84,32,59,96,93,16,19,4,36,53,73,37,6,70,43,53,76,90,43,61,37,92,45,17,17,90,37,98,38,48,28,41,98,100,86,2,77,53,84,64,5,3,44,4,42,5,34,8,17,38,56,93,35,34,78,87,18,79,40,79,16,7,71,72,88,82,69,63,29,60,20,6,42,31,99,87,42,88,61,60,6,98,18,22,7,80,22,48,66,82,82,7,73,11,3,38,45,17,76,84,65,57,19,50,65,53,17,6,87,14,50,62,19,84,56,14,89,77,22,40,42,66,23,71,16,87,85,49,14,37,4,85,87,38,80,95,63,82,56,46,85
k_39,97,36,8,93,31,71,54,64,41,53,91,70,60,84,28,88,61,40,8,36,20,49,92,15,83,81,55,99,31,90,33,88,73,47,57,2,79,37,35,88,62,59,67,5,19,18,51,69,86,3,53,53,52,18,88,5,53,23,86,68,16,88,9,21,40,87,25,61,93,52,13,74,90,19,85,80,64,28,10,30,44,96,69,57,99,87,15,19,62,67,18,18,51,10,9,45,31,32,74,41,14,72,12,21,95,78,39,76,72,48,53,29,79,29,92,40,76,54,33,78,59,70,47,15,79,1,66,47,33,47,46,10,30,31,23,72,99,99,35,33,88,90,23,72,12,19,66,97,13,69,58,66,94,2,1,96,25,85,100,7,4,39,84,50,54,16,47,7,26,34,47,93,10,82,87,94,86,84,28,97,43,84,33,79,72,85,18,20,64,5,66,77,98,86,9,27,80,60,12,17,94,33,33,49,52,81,93,79,96,15,35,38,21,86,76,79,26,3,39,22,27,49,84,42,61,5,68,23,50,94
k_40,94,40,50,13,75,78,38,68,25,53,97,47,22,47,7,25,39,39,24,79,65,19,53,17,49,93,4,24,80,12,16,87,31,42,62,12,19,13,81,60,64,78,34,90,24,46,11,49,60,56,48,9,25,67,25,71,61,51,17,9,39,55,35,84,6,62,51,24,67,14,97,45,94,97,14,47,54,77,86,95,88,3,77,95,11,46,49,26,29,13,88,98,57,13,3,29,48,48,95,45,51,46,23,67,18,11,82,10,90,94,37,44,75,19,7,53,48,44,48,7,31,89,17,58,5,84,47,4,100,75,86,80,35,14,56,26,28,65,100,18,27,95,16,35,67,30,14,32,56,51,15,12,59,16,69,29,3,54,63,80,77,29,17,35,94,59,66,61,18,15,83,2,17,68,39,18,2,85,29,15,18,4,91,38,23,74,30,48,11,36,46,95,97,35,57,70,32,9,21,55,79,62,49,2,37,19,93,89,74,68,96,37,44,61,46,58,78,24,23,7,16,84,79,75,55,91,70,72,15,69
k_41,19,91,14,42,48,62,88,87,46,2,79,55,14,58,69,95,9,49,85,46,87,76,37,28,37,22,36,42,4,89,10,95,60,51,54,42,21,29,48,30,98,89,100,64,72,31,82,52,64,4,44,44,3,25,70,97,3,13,94,54,88,74,15,3,83,66,5,21,93,24,23,41,37,85,45,36,15,6,33,85,62,67,86,72,34,92,72,86,22,11,92,67,66,36,64,28,63,8,59,42,36,92,59,28,84,23,95,59,95,47,6,54,98,11,38,1,3,86,38,38,31,83,95,17,13,84,14,22,10,100,72,85,4,47,64,44,73,73,98,15,77,77,44,38,80,18,21,31,39,99,67,15,82,43,16,57,55,72,63,52,14,36,65,66,8,68,40,23,65,24,80,36,64,100,3,18,28,23,70,91,51,51,26,51,39,1,1,75,8,96,92,65,70,52,36,65,8,64,52,35,97,37,63,84,65,1,51,84,60,52,33,32,18,47,30,46,49,79,75,82,65,73,74,36,51,95,8,12,38,56
k_42,62,13,46,78,58,10,79,94,97,60,59,57,3,62,40,76,71,52,92,10,81,5,6,71,68,90,94,60,10,25,96,84,36,70,90,77,9,45,19,57,35,60,31,29,6,69,79,70,37,63,39,43,41,43,67,75,12,30,40,70,42,95,56,98,8,11,77,69,79,96,23,69,97,90,10,2,76,94,32,7,85,13,96,24,72,49,53,68,51,10,83,46,97,29,67,96,52,13,97,59,82,86,52,82,73,87,80,59,83,100,32,3,71,25,20,15,90,72,82,75,76,7,5,90,58,93,39,45,36,85,18,29,48,59,45,70,23,4,58,1,27,2,11,63,35,25,23,7,30,85,58,88,96,80,98,68,90,72,35,17,46,20,45,25,40,17,95,25,7,97,99,95,61,1,86,31,12,93,96,60,28,59,84,20,20,81,71,57,3,45,42,14,64,29,69,87,34,87,24,17,40,47,42,32,69,88,54,66,47,26,62,28,3,84,58,37,4,4,88,98,8,40,84,87,75,57,69,3,5,94
k_43,27,84,3,47,81,19,39,14,86,19,80,29,8,60,97,77,50,13,23,66,53,50,60,78,10,100,9,39,57,94,76,61,85,1,39,21,20,26,74,34,35,66,51,51,65,95,71,27,26,87,3,26,80,89,97,6,15,71,1,36,22,56,99,1,84,90,66,22,16,29,64,39,44,52,84,97,13,67,18,66,91,74,34,84,95,66,78,24,91,26,29,73,45,53,19,74,31,96,50,47,99,1,34,72,75,19,74,45,81,53,80,49,52,21,78,24,41,89,19,21,100,12,3,13,76,10,68,93,96,7,9,11,7,21,37,37,12,12,80,71,31,21,55,97,78,37,72,44,5,100,27,98,23,11,23,45,70,89,68,80,36,91,54,64,68,34,27,77,17,32,31,69,5,32,2,7,26,43,42,88,74,83,3,62,89,50,14,2,21,34,73,19,92,73,4,52,97,77,93,45,54,91,6,52,94,70,32,88,99,42,34,78,11,11,43,66,68,56,77,87,48,16,42,13,5,38,79,12,96,53
k_44,72,74,50,76,12,92,90,41,30,86,92,75,27,17,92,31,51,89,17,27,23,13,12,95,78,39,65,14,46,14,80,30,82,4,18,23,87,88,97,77,89,57,23,7,29,57,70,13,65,59,24,4,16,97,31,66,51,75,99,9,64,40,70,32,1,71,14,30,12,72,19,50,70,85,54,42,12,95,64,1,6,96,99,66,9,41,49,81,60,55,59,16,8,73,52,3,95,26,92,10,64,89,52,70,81,78,21,38,4,54,17,20,82,10,48,21,2,62,95,39,30,86,67,18,2,6,14,39,86,75,5,11,90,31,49,79,88,66,41,75,48,36,1,68,12,3,71,16,75,6,6,84,29,87,69,37,94,24,5,53,2,77,74,14,4,35,75,62,8,38,35,72,33,61,80,84,1,9,79,55,22,44,93,19,53,87,21,99,63,8,73,93,70,12,33,47,46,38,28,75,66,80,16,59,94,76,38,16,41,16,31,70,58,50,12,43,79,32,18,65,66,97,6,72,73,24,17,3,50,98
k_45,38,45,49,77,69,93,32,18,29,11,10,41,77,2,71,69,81,68,70,40,52,80,23,71,38,52,59,12,53,38,8,81,12,59,77,26,67,23,78,38,96,1,11,36,17,53,89,75,57,34,50,85,80,29,83,14,98,30,94,24,56,32,45,17,7,86,35,53,32,90,10,6,3,84,95,19,16,86,43,42,74,53,19,34,12,41,21,73,56,34,80,15,36,80,56,60,28,93,22,56,56,30,68,32,1,41,3,100,45,53,81,10,93,99,61,3,86,9,9,13,2,38,1,12,68,89,81,15,26,66,6,42,36,53,95,70,52,93,4,20,17,84,46,66,45,5,40,62,42,72,60,46,61,35,32,2,59,72,95,60,78,15,1,34,98,84,2,75,22,86,18,38,30,63,34,87,19,43,92,77,70,5,77,45,11,24,70,98,87,59,48,17,9,61,86,14,31,9,78,49,32,92,25,52,2,49,50,75,49,37,5,19,34,17,57,77,44,90,36,24,77,50,86,34,26,30,8,58,13,88
k_46,48,4,15,100,97,92,97,58,62,95,19,44,73,40,96,33,6,66,16,60,99,23,5,39,29,89,20,38,92,71,24,25,62,20,40,91,12,70,27,34,14,46,38,88,42,75,31,84,18,52,40,92,3,4,82,68,8,64,46,66,20,11,71,29,97,1,15,52,58,67,67,78,55,98,64,67,70,7,25,38,72,12,58,39,4,77,71,85,49,39,9,22,44,62,43,72,77,84,46,64,79,27,84,79,41,42,11,83,25,6,98,59,3,33,99,52,50,62,47,97,47,32,60,57,49,100,99,3,55,13,87,13,91,71,86,19,98,32,64,28,8,42,64,31,45,94,95,35,59,76,51,68,52,47,100,29,92,46,45,56,71,42,86,86,38,79,8,85,27,6,25,99,91,67,57,95,18,52,80,34,23,43,8,57,33,98,45,33,39,41,45,63,56,11,100,8,70,65,12,99,91,1,71,30,66,95,36,86,67,36,13,82,23,26,92,78,36,22,60,42,29,59,8,11,67,31,71,39,28,18
k_47,14,85,81,96,67,12,17,79,100,21,93,17,26,71,37,41,3,5,64,34,24,13,43,4,81,59,56,51,23,99,54,45,25,12,61,75,71,38,29,86,65,36,42,58,33,17,17,74,59,89,83,27,42,41,78,46,93,10,66,87,53,17,19,88,21,4,88,71,79,35,29,81,25,86,21,27,74,36,92,74,47,71,99,99,83,98,43,94,99,88,58,20,58,15,48,39,49,70,77,87,4,47,88,47,11,8,57,90,65,59,97,74,64,13,73,43,9,90,76,73,63,94,62,53,18,65,61,32,15,92,52,48,81,36,90,9,84,68,11,59,58,99,74,26,68,49,99,22,39,56,28,40,14,5,75,20,13,91,1,20,35,68,49,60,65,77,49,13,78,77,72,61,93,28,88,3,30,27,79,43,65,4,20,50,1,20,23,38,11,26,81,44,69,17,81,92,36,26,2,48,91,97,16,50,8,18,67,76,69,20,73,30,19,74,21,1,18,62,36,74,26,46,27,49,11,84,36,97,96,67
k_48,71,64,97,38,62,21,31,3,56,88,37,40,77,66,14,6,30,7,77,100,32,12,40,71,52,58,21,14,45,29,25,35,73,87,45,14,74,63,18,88,92,25,47,82,61,27,56,49,38,2,64,31,64,77,21,20,89,83,26,8,83,29,54,70,84,62,43,14,95,88,78,88,6,61,68,55,93,12,51,19,54,48,68,91,15,51,60,35,91,20,77,36,30,73,69,100,44,94,17,35,96,89,5,93,16,49,30,86,77,94,98,15,19,51,83,20,17,81,85,17,43,41,98,49,47,4,28,83,33,11,76,50,96,51,38,68,55,48,9,11,56,22,6,42,94,6,98,62,77,5,91,28,8,87,3,59,42,10,8,90,74,17,22,5,16,29,48,23,78,57,40,8,64,46,80,57,72,11,51,54,21,35,21,96,30,53,92,5,27,51,30,80,74,75,38,28,36,58,31,4,76,40,84,42,26,98,64,80,28,80,49,5,98,31,91,75,76,42,25,55,88,59,71,18,24,33,53,7,49,32
k_49,88,43,19,69,20,46,98,22,93,89,65,10,27,63,84,97,60,28,19,96,66,71,6,58,5,89,75,64,87,90,71,89,82,6,83,81,18,99,5,22,68,92,80,21,79,89,21,64,63,97,95,89,72,33,35,7,85,73,56,74,93,61,6,7,58,74,17,45,34,55,4,30,10,46,99,22,65,50,100,63,71,61,29,61,57,74,42,42,32,37,23,45,89,80,97,56,48,58,18,1,85,51,1,40,42,40,79,21,7,14,65,43,68,74,60,80,66,28,50,9,9,67,27,38,87,34,18,86,38,12,97,7,31,79,78,68,78,49,32,26,85,60,63,25,81,11,88,97,46,82,97,94,22,64,95,2,54,63,64,68,6,32,82,24,15,73,18,41,52,40,30,79,29,38,17,71,77,74,46,2,33,21,97,21,48,55,79,97,36,64,91,21,3,43,97,80,98,91,38,17,64,52,58,100,6,22,99,29,26,70,62,51,9,49,54,62,83,10,66,38,16,53,85,78,14,37,85,15,14,54
k_50,42,67,50,17,98,79,89,29,13,43,77,14,89,22,8,24,33,65,59,32,98,7,11,96,62,1,74,20,36,20,31,35,92,22,60,24,38,27,41,6,43,67,49,56,73,22,35,97,12,72,26,42,9,4,40,98,100,62,31,66,39,40,53,55,5,5,72,61,36,99,100,54,36,75,61,42,59,33,26,44,96,45,25,80,32,96,32,82,84,15,61,64,21,57,54,96,77,7,66,11,77,44,19,42,53,28,54,34,38,81,36,54,3,60,30,13,81,22,11,19,80,73,20,51,16,31,13,80,12,10,28,15,100,15,96,100,30,6,20,85,43,44,5,59,2,6,17,3,16,47,40,91,85,74,39,30,91,18,16,92,84,98,7,3,77,16,32,63,98,2,57,33,60,98,72,79,85,48,26,58,91,77,47,50,78,80,61,33,32,93,14,100,42,85,5,32,81,4,99,64,82,61,87,99,70,72,25,56,39,34,30,72,14,59,91,39,50,88,67,43,71,68,89,13,13,25,58,63,1,63
k_51,79,34,66,83,89,72,84,99,38,76,44,7,57,6,79,60,31,49,74,47,15,75,38,41,25,61,46,96,24,27,95,96,58,55,57,30,15,14,15,64,72,54,71,56,2,58,8,43,7,40,91,27,49,57,29,21,48,77,39,3,49,20,18,73,71,50,74,31,92,88,46,84,55,23,29,59,88,40,37,87,67,46,48,9,69,72,79,94,8,21,84,25,11,82,15,59,88,30,72,10,35,41,62,34,50,60,74,77,72,71,20,67,51,35,84,90,39,34,90,71,80,35,96,14,58,43,75,35,79,58,5,38,59,84,36,27,27,94,30,81,8,27,78,1,84,71,52,51,82,31,26,76,79,37,95,55,52,65,64,87,11,64,77,1,53,43,39,70,57,59,88,89,2,83,29,97,43,12,19,8,61,56,21,79,43,13,43,62,3,55,18,48,98,48,28,60,38,85,47,75,28,37,35,26,70,13,13,48,22,41,51,27,30,94,81,69,35,82,55,42,30,88,4,31,56,49,82,32,50,88
k_52,100,61,74,49,79,77,87,72,1,16,98,29,30,83,84,74,39,69,72,91,67,43,42,50,52,80,14,28,34,78,76,93,34,59,49,56,19,94,16,87,43,56,39,54,49,23,11,95,97,98,78,25,60,14,60,40,28,8,19,98,84,12,47,84,28,11,69,81,99,2,8,56,92,99,23,82,23,56,43,15,33,47,23,31,91,52,74,9,79,63,41,90,81,70,65,5,36,35,66,49,20,13,98,56,20,2,14,8,14,52,48,71,76,59,92,38,65,55,72,21,40,19,86,95,70,46,86,77,35,66,89,25,10,60,39,32,62,45,29,91,65,24,4,68,92,69,25,56,14,55,22,29,31,49,60,27,36,50,31,27,28,49,84,51,12,6,83,75,57,80,60,98,100,91,16,6,60,97,36,62,17,83,74,10,40,65,88,77,19,27,22,17,58,94,30,64,6,51,80,59,71,20,51,62,7,26,64,50,4,52,55,63,33,59,67,50,34,97,97,86,16,39,54,68,90,78,88,19,37,68
k_53,61,15,7,7,60,43,34,4,21,20,99,96,15,59,43,73,94,76,72,57,45,6,99,48,68,66,37,24,47,5,34,79,17,82,19,17,74,29,55,72,39,97,17,12,12,71,29,36,75,9,15,1,41,56,26,81,33,98,94,92,10,40,100,90,41,94,75,61,16,79,77,49,66,49,13,41,65,30,47,43,39,54,3,39,28,80,59,57,74,7,9,83,50,44,19,77,96,75,50,34,66,13,21,100,75,66,42,81,36,47,55,37,67,40,98,77,64,29,36,48,21,80,74,63,10,63,15,100,59,68,7,15,41,6,21,4,6,31,99,100,7,86,27,57,55,98,92,73,88,33,52,58,92,63,54,46,73,68,92,74,49,88,86,24,76,37,26,63,60,37,35,52,59,17,38,30,5,88,60,3,98,98,19,90,100,42,75,50,50,97,73,50,13,63,14,37,18,9,7,6,9,26,82,43,33,86,51,43,1,55,39,52,81,80,71,100,60,62,8,25,77,51,48,83,6,70,4,22,38,11
k_54,14,44,57,7,16,40,30,6,54,83,4,27,83,43,98,79,78,63,42,40,22,33,75,76,58,92,42,52,16,13,27,94,93,5,61,12,73,98,72,37,38,39,28,77,3,69,66,62,44,47,88,33,86,74,79,65,78,27,92,26,95,17,92,76,95,69,98,9,19,93,13,84,29,62,16,100,50,25,58,49,51,43,31,99,48,27,10,35,23,28,2,100,32,90,30,100,71,54,19,40,43,77,48,49,46,59,82,39,56,4,98,63,34,54,46,12,97,60,21,5,77,25,43,81,60,20,38,70,86,84,52,17,49,38,68,91,44,58,46,4,5,34,10,44,96,92,24,25,24,54,54,84,28,35,37,50,24,4,8,7,32,22,88,53,54,49,40,4,15,50,99,71,93,93,62,70,47,58,55,47,12,44,84,58,31,19,37,76,80,98,27,17,78,90,88,62,11,35,15,32,91,86,44,32,67,78,38,88,55,66,27,12,4,8,98,50,12,72,96,83,90,75,47,30,80,93,43,62,61,54
k_55,93,70,5,86,87,1,100,69,90,40,46,56,29,20,41,94,95,72,45,26,33,3,60,56,59,4,35,34,12,4,2,19,69,68,13,40,59,59,32,56,30,99,29,10,19,95,10,7,89,19,20,30,13,1,95,40,43,21,4,72,66,50,70,98,53,47,60,12,76,2,58,49,21,32,63,29,43,92,53,20,60,98,88,21,70,40,19,58,3,5,65,65,39,4,61,76,97,89,47,77,18,35,93,31,79,78,6,39,11,13,91,99,75,30,15,19,24,6,60,88,93,59,98,2,87,9,60,32,68,92,81,45,25,51,50,87,35,96,78,91,71,77,95,37,34,79,63,60,50,6,44,44,41,67,78,78,63,61,83,41,1,16,35,23,15,83,90,13,3,43,39,82,79,47,84,61,52,95,78,57,68,97,90,29,46,7,52,30,60,4,59,49,77,84,49,94,97,84,50,21,37,66,23,4,19,39,89,85,42,42,46,13,81,62,91,74,77,83,58,66,82,16,17,63,44,95,52,95,54,22
k_56,95,26,47,33,53,59,4,74,12,96,8,26,45,42,28,13,16,10,75,13,77,43,13,32,8,19,98,80,22,69,14,87,77,13,27,71,20,38,73,80,97,51,83,64,12,2,62,20,79,66,78,7,44,5,67,62,9,9,85,28,97,56,43,43,11,81,51,85,33,75,27,95,63,72,24,68,26,56,32,86,48,99,36,25,17,88,32,71,45,51,76,11,40,81,48,18,67,88,51,11,48,32,15,79,82,6,15,37,100,97,70,11,29,7,22,53,83,70,68,84,25,37,8,38,89,4,6,33,13,80,63,33,69,14,89,77,32,89,84,95,40,78,8,27,39,3,18,59,57,28,66,30,17,78,56,75,71,1,49,11,46,2,14,38,57,93,15,66,69,27,3,3,66,56,64,30,48,33,63,20,36,61,45,23,29,81,49,98,35,52,25,29,87,44,54,11,75,57,36,55,63,79,9,22,76,55,41,16,11,12,58,60,49,90,47,61,58,92,62,47,59,78,78,39,79,36,26,84,42,65
k_57,11,50,49,59,64,97,35,32,45,74,85,60,3,69,27,2,19,7,13,28,41,31,45,57,57,58,63,69,58,47,71,52,99,64,36,28,19,47,10,100,87,79,7,96,29,93,9,83,85,77,46,32,95,78,92,43,14,95,91,29,39,78,56,98,98,11,54,86,61,100,47,41,68,59,53,28,53,39,5,43,83,29,30,88,63,80,21,81,70,81,36,39,14,64,56,68,32,23,72,100,29,69,53,5,87,91,42,87,20,13,1,39,43,30,3,59,34,28,15,48,93,40,29,41,97,93,20,29,70,43,56,65,94,30,100,84,98,80,68,30,28,4,57,84,62,53,38,63,34,32,99,82,1,72,58,91,96,16,95,2,30,58,96,20,6,61,4,40,21,70,51,26,99,50,54,49,77,94,37,3,91,49,87,22,16,71,2,94,46,67,24,35,66,66,73,41,78,30,22,26,19,83,20,11,47,35,100,77,78,18,50,30,60,55,78,84,57,7,43,18,58,8,90,87,23,5,53,52,50,90
k_58,60,16,4,10,31,20,61,95,6,41,92,20,55,57,61,98,96,34,61,58,39,60,11,69,83,85,68,50,97,99,57,74,43,6,77,17,89,26,24,76,78,29,41,6,97,34,40,92,40,48,12,52,65,15,12,24,47,31,89,10,44,1,47,22,2,11,37,67,7,37,55,99,74,6,89,98,56,85,54,78,54,28,6,47,73,52,15,76,76,32,75,20,67,57,36,31,91,1,92,14,89,62,15,43,56,69,35,5,42,14,95,51,85,47,3,11,67,89,54,77,9,83,94,62,8,20,32,31,67,8,46,4,73,69,32,46,94,19,94,51,49,66,2,2,11,1,4,59,56,62,83,32,20,58,74,3,66,76,49,43,78,60,68,84,71,59,99,49,58,77,79,76,93,73,17,69,27,5,46,80,51,3,59,27,8,94,63,51,89,20,58,51,6,59,47,34,43,99,20,49,20,90,9,85,99,89,61,1,10,5,6,81,90,77,81,77,92,95,72,88,95,58,70,80,25,92,32,69,96,44
k_59,82,12,43,50,43,39,92,12,56,46,75,18,86,57,50,74,56,79,2,36,24,74,76,45,24,78,61,44,5,34,22,32,31,60,95,48,88,52,18,5,4,21,1,40,50,88,17,57,62,4,98,45,80,79,5,63,18,87,58,78,65,6,91,85,25,67,66,41,17,6,63,27,99,13,36,15,98,64,8,48,34,92,43,2,21,98,30,24,22,66,87,61,21,86,6,77,38,49,10,97,17,20,28,90,47,63,42,95,61,91,37,75,12,47,76,54,32,23,63,24,80,86,7,54,12,51,45,61,86,38,61,66,89,41,75,65,23,2,81,89,5,74,33,63,89,28,80,23,2,72,9,77,18,50,69,31,79,75,15,27,82,79,3,27,64,35,100,51,51,54,35,84,41,37,24,84,23,56,24,20,36,95,71,41,52,91,4,96,86,66,17,15,72,54,44,50,20,46,92,88,49,91,26,9,8,93,12,98,15,18,4,27,40,93,13,98,99,97,4,34,15,49,54,87,55,56,57,25,82,48
k_60,94,14,31,21,36,84,17,43,47,61,97,89,9,53,86,52,58,96,41,8,26,58,57,53,89,45,54,2,38,57,33,48,30,96,52,37,25,100,74,69,93,88,5,65,73,8,43,37,42,100,92,32,14,97,53,54,7,1,79,55,63,91,53,56,94,90,74,81,33,33,88,88,59,28,96,45,60,74,99,23,95,39,21,75,85,36,50,94,60,15,82,31,16,19,25,43,9,93,25,31,21,46,17,14,93,6,3,39,68,1,30,100,65,100,13,93,88,50,65,99,11,34,77,23,43,89,80,11,45,13,72,41,49,88,48,88,34,26,44,89,45,98,14,25,78,91,67,70,34,54,88,89,97,21,51,99,39,26,89,27,85,27,41,21,7,57,39,79,35,70,71,54,86,13,98,2,50,95,25,83,47,39,39,4,20,87,66,67,75,44,82,56,65,9,4,12,98,87,57,53,46,60,7,22,72,17,46,39,28,60,29,38,47,31,90,84,45,50,93,21,32,89,24,54,34,60,57,33,29,67
k_61,93,21,100,76,81,59,80,80,46,85,95,47,24,21,55,90,82,35,1,60,4,83,19,60,88,69,18,45,25,94,8,45,53,26,35,76,97,38,53,74,38,37,83,89,82,85,16,20,57,21,18,29,5,98,81,76,7,30,28,59,30,44,100,66,11,66,50,17,81,69,88,54,36,85,8,42,35,94,30,43,22,73,84,94,67,70,3,51,91,13,79,8,45,73,64,52,44,25,5,81,79,94,59,32,100,40,20,99,73,4,43,56,19,39,56,43,85,29,32,29,100,68,89,19,69,31,61,60,63,48,74,11,61,86,13,49,91,7,81,66,1,93,67,65,62,49,11,68,13,31,55,89,42,58,1,29,41,10,42,49,100,68,29,7,57,32,20,94,82,77,58,87,96,51,73,70,30,43,35,9,36,84,31,1,82,11,51,60,97,69,63,97,72,22,50,55,53,69,99,29,68,42,99,100,82,56,72,11,86,2,35,37,57,73,75,81,79,5,74,19,87,10,32,25,93,99,71,37,50,50
k_62,17,5,46,50,31,69,65,25,47,97,49,14,14,13,51,75,30,94,54,86,37,69,81,34,59,24,31,100,94,29,34,1,28,67,2,27,66,57,7,98,28,74,78,79,30,34,58,26,62,77,26,52,90,3,43,41,15,70,81,20,81,17,64,31,2,43,93,100,51,15,21,94,92,49,14,26,40,27,58,55,16,1,45,93,93,85,47,28,71,78,94,23,46,31,11,75,63,20,71,75,37,9,47,49,28,97,22,69,47,46,72,87,42,24,3,67,14,38,4,17,88,93,97,71,66,80,87,62,78,99,41,28,23,70,99,21,43,77,6,30,73,10,31,21,87,2,92,47,78,29,5,97,49,33,27,97,79,11,69,15,87,9,94,4,57,52,88,64,52,95,19,2,76,50,37,24,50,68,56,21,93,86,81,81,1,23,95,32,10,78,9,72,29,61,4,19,69,96,86,50,78,52,31,50,43,96,3,6,25,85,2,51,1,3,11,97,96,26,68,51,44,92,14,87,37,95,88,20,19,92
k_63,28,23,13,85,94,39,59,40,21,45,52,35,67,33,33,69,42,37,19,42,53,16,53,20,2,43,37,59,7,43,60,89,46,7,28,89,85,81,97,66,40,75,77,75,42,48,54,47,23,26,6,94,21,65,38,66,3,23,18,74,67,71,95,34,83,38,15,41,43,45,51,95,9,24,36,72,37,78,1,12,19,16,56,47,9,55,41,56,96,22,29,90,14,2,72,23,98,36,28,15,38,36,82,64,10,7,53,58,1,65,84,89,11,71,59,72,83,64,53,48,25,47,23,8,85,40,79,94,22,65,69,96,68,10,11,27,100,60,68,10,97,75,22,99,65,100,74,72,47,56,19,58,2,73,5,47,94,5,75,60,9,70,40,16,14,2,37,44,61,15,32,24,52,66,75,62,91,93,4,78,85,86,85,91,58,20,61,54,49,49,9,6,58,90,78,4,28,42,47,57,18,81,45,51,67,13,37,69,89,33,79,92,26,1,63,50,39,15,6,72,94,46,83,91,36,98,99,72,30,4
k_64,2,83,45,75,18,96,47,6,96,81,35,45,86,9,36,42,44,28,94,22,64,44,11,56,55,4,87,66,73,43,70,56,58,55,24,56,69,53,60,98,95,53,76,5,18,11,48,55,12,33,52,5,9,78,78,83,14,55,15,20,53,18,8,24,100,100,13,44,97,26,78,98,70,78,38,92,52,82,50,40,48,57,57,92,73,23,34,95,2,43,43,42,66,20,5,86,77,15,94,84,10,84,28,89,55,59,26,57,69,86,96,23,27,6,54,62,24,18,85,61,25,7,31,9,38,82,99,40,99,5,50,91,40,35,95,27,4,63,92,42,97,3,77,34,50,37,90,51,88,78,71,6,34,33,89,59,96,86,91,67,35,95,30,90,32,15,99,40,24,67,18,61,80,63,88,9,58,71,44,97,19,58,43,1,8,25,53,68,3,35,66,57,88,65,25,57,50,97,43,82,14,14,89,26,13,59,19,31,41,70,85,62,68,69,33,1,60,21,69,38,43,37,77,87,9,68,99,58,13,9
k_65,89,8,68,28,37,98,80,6,25,20,22,34,45,48,41,33,69,62,24,3,75,52,15,48,66,55,33,9,63,30,16,18,93,18,19,90,25,100,73,59,36,22,90,31,40,56,15,33,72,83,55,83,12,40,79,56,100,95,67,89,47,34,78,23,82,65,80,35,58,15,38,73,12,24,96,86,53,57,19,24,52,8,86,29,60,99,47,26,56,56,75,40,44,36,74,88,7,67,33,33,52,86,85,95,20,6,62,55,75,41,91,16,21,90,75,52,60,56,53,67,84,100,95,20,3,72,15,10,7,28,70,6,35,59,17,73,10,9,2,37,87,69,80,84,20,32,95,23,33,73,55,44,47,17,91,51,22,27,6,20,9,26,25,47,45,7,22,72,88,85,65,39,68,18,36,9,86,24,57,70,70,17,5,30,90,54,83,52,92,50,22,33,97,63,90,59,89,62,91,19,43,22,71,1,51,42,26,51,17,56,49,19,76,24,87,40,44,58,10,34,10,19,36,73,94,35,90,25,15,31
k_66,18,94,27,1,98,41,27,22,91,34,19,26,88,89,41,62,57,47,27,99,19,78,47,11,54,15,78,92,38,49,68,3,26,79,23,43,89,46,74,16,94,90,94,9,39,100,57,75,50,58,94,75,18,83,66,35,8,2,23,90,93,99,54,69,50,41,36,11,89,73,59,57,27,63,49,20,40,95,7,75,3,87,42,37,90,99,96,99,15,50,31,91,22,19,55,59,68,78,7,90,9,47,3,11,73,55,44,81,22,93,35,55,90,73,94,66,34,48,89,99,41,43,18,10,53,74,64,3,100,3,77,10,4,63,43,8,91,56,98,63,31,15,2,55,32,56,26,69,45,12,52,79,19,35,17,63,57,36,40,96,69,9,23,46,69,73,41,1,62,88,73,60,64,42,72,6,69,77,36,39,75,23,89,48,41,4,32,64,59,7,28,73,92,51,40,80,44,41,13,86,65,92,78,87,91,78,61,36,39,78,14,84,18,1,21,87,68,98,94,87,75,18,40,16,97,65,45,34,10,88
k_67,79,17,41,60,59,68,90,85,62,72,11,38,15,99,33,54,47,86,92,48,53,78,65,32,32,57,76,22,46,70,3,46,29,78,52,19,57,9,55,98,14,100,97,74,84,25,19,37,42,10,89,96,9,49,38,50,46,82,39,35,45,37,32,93,69,21,3,52,16,56,35,83,51,65,20,82,69,57,41,89,86,78,67,47,24,6,14,87,28,1,19,11,8,91,93,85,10,76,44,56,77,10,65,53,91,86,89,99,33,83,47,50,80,27,68,17,59,29,92,10,78,22,71,8,84,88,60,59,32,99,41,57,91,47,33,20,42,32,73,85,67,60,74,49,49,42,5,61,46,94,33,93,69,51,57,70,61,92,61,68,91,7,2,68,4,32,23,23,56,36,29,93,28,87,41,32,5,99,58,94,63,41,71,33,86,56,14,29,26,49,81,48,83,32,80,84,5,31,77,78,50,95,5,18,58,22,53,56,85,34,97,2,64,21,25,42,51,79,9,31,44,64,61,71,86,51,98,73,17,76
k_68,69,66,33,59,57,64,6,65,10,56,45,45,61,6,91,10,38,72,29,90,69,65,25,76,33,100,55,26,4,44,92,65,8,1,58,17,69,78,51,86,92,39,30,33,32,71,72,93,67,3,11,10,86,91,8,33,84,29,63,81,97,82,13,82,83,86,23,8,6,11,48,31,57,63,45,17,90,2,50,64,42,30,51,61,22,65,31,34,8,2,90,67,7,22,25,44,25,6,26,54,8,3,35,44,20,36,44,32,68,31,62,12,2,64,99,28,57,49,51,99,74,100,43,30,51,46,54,39,31,37,20,78,34,88,11,29,79,1,56,29,89,35,81,91,60,49,10,48,14,89,77,13,62,11,90,91,52,66,33,55,67,81,34,46,86,88,59,41,53,34,20,21,64,36,49,21,42,42,83,83,90,75,47,65,19,78,29,52,36,87,74,91,91,34,69,90,98,31,30,29,53,54,39,19,95,61,29,77,39,22,13,21,5,9,55,6,39,97,83,70,43,40,85,17,55,28,19,53,13,15
k_69,19,51,33,10,91,50,80,4,37,98,29,22,36,42,1,99,25,10,24,17,70,21,78,46,60,78,74,49,37,51,57,44,51,3,38,86,99,95,97,72,98,50,33,41,53,94,22,72,9,73,71,17,2,41,56,70,65,25,10,76,25,82,45,73,88,23,86,2,75,2,95,57,97,39,36,71,64,37,50,86,84,20,100,48,41,65,56,56,54,85,66,56,89,44,49,88,21,13,16,70,36,77,65,72,66,38,69,52,82,56,83,41,8,70,79,29,100,13,99,95,57,45,65,95,29,5,100,36,27,68,62,84,9,6,8,97,19,12,95,25,50,44,19,76,95,94,65,90,91,78,74,80,16,55,84,81,5,82,20,79,3,45,68,59,38,83,23,15,30,27,6,19,76,33,68,61,24,67,63,61,27,18,55,1,99,95,14,8,23,83,1,33,50,4,72,39,15,79,4,87,84,44,39,4,48,25,92,35,33,46,24,44,10,76,60,82,48,71,4,2,53,18,36,54,94,42,12,30,78,37
k_70,21,91,55,39,59,92,73,21,36,22,74,2,31,29,84,17,55,97,20,7,18,90,61,33,75,57,16,24,92,5,32,45,94,75,97,36,23,14,4,18,49,83,69,45,6,10,25,17,30,97,34,60,25,66,76,52,38,21,80,88,34,50,73,39,47,94,89,44,92,15,54,3,11,61,84,47,14,33,49,92,53,73,73,54,26,25,36,40,97,96,34,52,11,18,41,89,51,31,19,55,77,86,17,6,85,93,99,29,37,88,87,77,76,48,6,81,13,38,84,42,52,32,78,35,17,42,46,6,81,14,15,26,77,33,86,24,7,90,81,15,90,4,54,20,91,90,68,66,6,46,96,77,24,26,85,47,48,37,57,97,10,83,28,95,60,78,19,23,28,49,99,88,79,34,17,16,5,1,23,11,90,39,71,94,93,78,20,51,32,49,89,88,98,20,80,53,47,57,35,15,97,58,87,86,48,38,30,6,41,3,53,81,5,35,63,6,62,92,4,84,2,46,7,64,2,95,36,37,40,76
k_71,50,6,99,24,70,77,95,72,87,8,1,65,82,25,88,9,53,31,40,35,8,34,90,45,80,82,44,40,52,33,46,36,63,55,77,26,6,67,38,79,58,76,81,60,56,8,29,29,37,14,10,5,21,80,49,86,46,27,96,63,24,25,88,33,19,40,70,11,95,52,84,12,42,27,42,45,95,5,25,58,76,69,95,2,55,99,23,89,8,88,13,43,47,63,58,78,98,69,75,15,25,79,83,66,7,51,43,93,51,79,73,8,21,18,12,27,28,63,81,97,88,32,29,59,47,13,97,88,37,68,13,60,40,51,12,44,56,5,35,34,55,8,81,52,5,60,11,6,12,26,27,59,73,58,57,24,64,95,53,70,43,81,20,56,95,82,81,36,20,55,20,84,90,76,66,82,84,63,69,47,40,73,38,80,4,31,58,7,20,56,98,31,24,10,49,22,97,6,11,86,82,79,7,60,69,59,89,50,19,40,10,46,69,48,27,59,68,80,97,12,44,20,52,72,33,7,71,41,72,32
k_72,8,63,76,9,8,94,4,48,88,45,19,30,26,89,73,68,1,92,12,65,90,23,65,96,6,39,1,45,99,39,99,88,13,47,75,72,19,15,80,15,26,97,16,35,29,28,10,97,21,67,72,81,75,49,25,76,98,29,13,85,26,12,91,31,44,39,2,89,62,11,34,99,49,64,59,48,10,32,46,88,7,67,28,41,76,66,67,9,23,41,3,28,65,3,98,38,17,7,8,37,54,95,22,17,53,41,95,23,41,93,72,9,83,76,76,67,18,77,36,85,19,3,12,55,70,39,2,79,4,67,84,1,100,88,30,56,64,2,74,8,72,88,44,57,52,86,25,84,46,89,28,16,75,99,80,35,72,69,50,5,52,29,94,89,44,31,21,55,38,32,38,90,100,35,84,26,56,64,97,45,50,27,84,5,7,31,78,84,5,23,18,15,59,36,20,8,64,58,64,95,17,73,30,81,64,80,9,60,97,67,40,42,59,67,78,73,26,1,1,73,90,5,26,97,79,81,73,89,78,19
k_73,24,87,46,80,33,74,76,13,3,82,36,33,83,63,31,36,76,97,85,70,52,39,98,94,75,14,63,83,40,57,12,94,14,55,95,73,33,41,27,96,15,94,39,42,31,62,15,37,31,6,99,76,49,73,93,16,64,54,83,69,15,89,5,69,50,44,64,83,10,42,44,17,77,41,14,63,82,76,8,56,49,9,21,95,44,12,47,56,73,56,63,55,63,38,61,52,65,20,7,100,67,7,41,42,59,26,87,42,4,96,59,100,34,16,79,76,50,62,66,95,24,48,57,47,59,92,11,74,70,19,34,9,26,49,37,41,16,2,51,7,65,77,68,30,39,16,82,34,75,16,78,11,76,61,7,5,57,60,41,83,86,3,85,32,19,38,30,75,17,27,50,56,14,61,53,7,27,1,22,42,65,21,41,88,91,91,47,27,78,84,72,37,97,64,39,24,7,55,18,46,60,37,32,89,74,10,24,35,25,61,15,85,50,18,59,50,73,27,94,53,31,61,94,30,60,6,33,37,79,63
k_74,84,39,60,81,16,1,64,41,86,64,41,3,39,71,35,11,11,59,23,21,4,53,91,26,90,86,11,86,49,92,96,26,71,52,49,15,86,72,38,70,9,40,24,69,44,72,23,25,58,83,96,35,75,6,94,6,100,83,39,47,35,64,27,76,43,98,57,23,7,62,70,95,96,65,49,2,16,78,10,67,73,73,16,97,54,63,22,17,64,5,91,12,91,17,35,46,4,84,13,28,82,48,78,97,70,20,89,93,83,39,33,78,8,84,79,33,26,61,63,55,17,99,62,3,45,80,87,75,14,24,2,72,63,11,24,20,75,91,65,86,70,82,50,18,24,97,18,12,19,34,68,19,9,100,89,94,24,54,27,50,27,28,97,46,45,26,32,79,74,99,1,62,63,12,58,92,25,20,87,44,24,79,23,68,88,84,79,34,53,83,48,39,37,10,22,16,83,27,37,58,28,18,96,88,39,52,74,74,3,84,73,45,21,84,46,79,85,91,5,20,75,62,24,51,28,41,88,40,1,64
k_75,47,30,58,83,89,68,45,69,70,32,64,21,31,44,43,46,18,19,66,75,68,49,56,99,28,23,35,82,76,73,96,70,39,56,23,19,13,92,53,70,87,63,15,93,84,94,16,20,55,88,19,36,41,39,16,76,83,39,93,76,32,55,21,18,59,27,12,15,43,48,92,73,54,10,89,58,34,90,39,83,36,97,25,78,12,48,15,45,71,59,44,61,98,89,100,54,38,37,23,94,81,81,6,57,39,43,37,53,21,75,79,96,81,62,40,4,2,96,27,34,37,40,88,52,7,42,70,59,56,79,89,89,88,95,28,27,25,42,31,78,58,71,16,46,61,66,5,100,26,3,15,95,37,3,5,30,84,59,41,18,11,17,19,84,52,65,83,87,93,80,80,69,73,76,69,26,45,64,59,84,2,45,43,72,27,52,2,44,17,12,83,80,78,16,86,1,56,32,96,19,53,7,60,88,82,16,54,9,89,17,16,3,20,17,33,62,42,31,40,71,58,31,59,17,82,98,97,86,25,81
k_76,43,45,38,95,48,9,8,53,31,15,83,89,87,11,55,73,1,67,7,57,71,85,42,80,96,23,83,98,100,69,76,41,84,24,7,2,40,18,68,44,92,96,87,80,59,78,67,76,91,43,68,9,16,48,74,10,35,4,71,57,25,6,76,86,44,47,71,65,25,35,10,45,4,22,71,6,83,58,25,18,26,70,63,84,45,74,44,44,95,66,13,35,45,37,62,56,16,58,28,95,20,95,26,35,19,75,27,72,16,77,31,86,44,83,47,100,13,87,30,15,18,35,3,66,63,52,36,66,63,72,38,20,29,76,74,32,75,32,40,69,35,4,40,1,85,56,16,70,93,53,97,33,55,43,88,58,98,39,85,49,49,90,27,65,72,98,20,71,31,80,35,72,7,47,6,75,90,74,70,38,34,26,42,63,58,72,99,61,91,35,97,78,54,50,92,91,75,1,49,19,75,78,82,14,84,96,18,84,86,3,82,75,89,85,95,54,3,35,71,92,1,6,44,37,43,37,51,79,38,69
k_77,64,64,24,12,70,25,45,92,59,15,9,74,84,55,35,30,34,31,29,79,59,94,69,76,91,88,1,31,83,34,98,95,83,3,80,70,44,43,82,61,66,91,34,95,35,1,36,51,63,91,34,96,95,1,80,1,19,7,88,79,41,97,44,84,48,68,3,36,80,63,29,57,12,26,57,87,92,53,73,66,86,71,15,93,66,97,58,87,47,62,73,17,35,43,23,35,89,50,54,74,64,3,98,59,2,55,49,92,71,50,82,2,99,75,22,30,95,94,73,8,86,96,72,24,41,87,40,85,77,100,94,20,93,29,3,47,58,55,38,33,43,21,95,38,64,68,14,84,76,33,30,46,100,16,32,95,16,40,85,80,37,97,8,55,31,98,70,60,67,29,43,18,82,5,92,4,56,45,22,46,72,86,92,31,52,3,60,79,92,80,44,37,46,21,49,21,57,69,99,7,56,25,44,59,1,86,79,8,53,13,50,1,75,90,18,90,85,37,20,3,66,23,63,52,99,59,44,75,98,33
k_78,97,18,41,56,69,74,55,2,13,2,79,42,76,80,92,48,18,32,58,56,69,64,88,24,76,42,6,16,38,57,68,64,49,2,21,15,30,29,17,44,21,14,47,96,66,28,46,59,90,16,9,59,69,96,62,35,96,15,77,98,69,45,99,44,80,89,62,28,93,51,52,17,81,42,67,82,83,44,31,33,88,31,5,49,23,61,63,68,7,69,55,53,57,44,86,89,55,14,18,34,88,37,26,57,47,89,75,33,19,32,65,82,39,76,41,49,32,20,11,78,93,73,34,29,16,81,96,58,66,18,18,1,97,64,91,36,22,75,36,82,37,68,96,32,62,1,15,92,19,99,4,80,73,97,99,78,88,82,86,95,82,25,29,4,74,55,28,37,57,95,44,90,22,17,93,63,65,84,2,24,13,70,17,1,20,25,81,100,55,80,21,77,99,9,98,15,63,21,64,41,41,43,3,67,5,63,22,66,40,7,65,88,73,69,40,13,60,5,64,29,84,54,100,86,91,69,66,37,99,4
k_79,71,5,26,36,77,8,43,14,77,25,41,67,1,48,69,75,23,95,80,42,64,35,61,43,25,12,88,51,94,99,29,74,54,14,16,91,100,48,88,16,74,9,4,16,92,14,10,95,100,92,64,7,81,13,8,45,66,24,75,63,17,10,88,4,58,57,15,58,75,87,16,26,58,53,74,11,33,66,64,45,86,19,71,67,5,78,29,30,47,55,6,39,100,62,15,33,3,85,53,80,78,29,59,32,67,28,70,24,97,61,100,95,26,48,47,56,6,60,85,52,55,65,50,90,6,87,16,84,19,85,58,57,92,51,64,42,79,2,30,54,27,60,74,3,71,5,10,43,71,92,97,43,58,17,83,10,42,32,34,25,81,39,42,42,78,16,17,90,63,96,40,72,60,82,95,12,26,78,77,71,89,93,47,46,99,30,12,96,55,2,64,83,9,5,21,1,26,12,34,31,71,80,55,6,80,48,86,81,52,79,59,82,1,96,19,32,55,71,82,77,86,8,66,29,89,32,100,81,17,27
k_80,39,27,52,36,89,82,24,78,43,66,21,62,27,53,23,88,97,99,30,55,16,72,26,2,20,20,28,95,64,44,78,90,56,75,55,17,4,47,2,10,19,18,70,18,78,62,6,99,75,72,74,100,60,14,53,55,32,21,16,55,33,74,47,86,66,43,83,4,77,79,38,76,84,13,26,32,84,83,39,71,14,94,63,8,73,4,90,53,21,1,72,39,37,71,54,15,15,92,70,49,17,13,70,95,86,96,58,14,70,55,45,30,13,43,9,25,20,76,84,47,94,50,39,90,40,53,38,66,97,11,7,75,79,16,59,71,26,90,38,60,44,79,27,29,38,23,9,97,20,6,32,32,65,24,15,47,59,34,78,1,26,91,89,2,80,16,48,70,12,84,8,18,59,16,16,90,58,77,90,3,31,27,58,23,93,61,74,95,5,13,95,37,42,64,69,1,45,79,86,58,41,92,100,21,6,57,72,90,69,18,90,100,98,95,4,21,43,46,36,80,64,56,31,7,69,24,57,92,40,74
k_81,19,83,54,56,10,92,23,26,22,90,28,80,36,16,46,86,24,48,90,59,50,15,26,61,14,4,50,32,50,95,20,7,2,50,54,31,44,55,94,19,69,62,96,23,50,90,68,77,91,63,43,34,62,48,59,1,16,97,43,7,19,98,36,25,38,40,3,40,5,15,39,22,11,15,24,27,83,14,1,17,61,36,55,2,75,77,39,36,30,42,43,42,37,92,62,44,89,71,27,92,46,56,29,16,3,81,93,49,33,9,7,46,8,88,55,78,29,30,68,24,50,27,69,8,42,74,1,31,89,38,27,32,9,91,78,4,66,38,81,75,33,33,33,76,12,98,22,34,17,15,22,15,19,65,2,48,82,32,56,87,78,92,35,20,80,86,48,34,21,60,93,5,2,48,1,61,93,54,60,87,24,89,100,28,78,33,3,58,19,63,68,69,25,32,26,89,3,19,19,12,2,13,16,82,17,81,34,23,39,46,98,16,42,18,9,43,98,63,12,42,36,65,41,48,88,56,22,48,61,94
k_82,80,66,7,81,65,16,32,14,63,38,85,68,11,75,2,88,54,71,85,38,100,19,48,9,81,95,84,49,76,17,60,38,94,31,58,46,77,2,63,50,70,5,57,72,61,81,30,66,62,89,33,28,3,41,9,62,85,66,77,81,60,64,98,15,9,95,48,97,28,100,15,26,36,9,79,10,37,72,58,93,7,99,28,2,15,24,77,43,42,78,19,67,78,84,5,82,98,92,9,72,9,68,4,33,3,6,100,99,41,36,23,86,99,8,98,67,1,53,61,28,60,38,83,49,88,19,30,45,43,21,27,93,29,7,4,32,22,61,77,91,37,69,69,19,59,91,90,100,84,98,6,2,39,15,75,94,4,38,39,91,33,60,73,66,79,98,69,47,98,8,49,61,44,45,100,52,59,16,72,80,6,94,37,93,90,81,47,52,97,7,90,87,57,55,8,90,75,60,20,53,58,66,74,98,91,29,47,42,64,81,30,35,11,70,75,64,63,30,98,7,75,26,41,73,60,40,78,98,17,56
k_83,72,94,21,36,30,25,82,98,89,3,44,71,51,72,39,81,9,14,94,97,75,18,26,83,52,9,87,61,95,19,80,32,38,27,25,70,41,77,67,11,38,99,60,33,35,18,42,78,50,61,78,39,31,91,67,4,50,48,59,6,75,39,83,80,14,67,3,75,100,50,85,6,38,71,62,44,21,40,37,70,51,83,19,73,61,23,4,73,96,49,76,6,39,74,18,7,73,3,100,79,94,23,80,70,51,30,69,91,12,27,66,76,88,93,41,76,8,55,29,2,75,97,69,61,43,42,75,30,34,21,33,36,1,48,98,58,52,72,16,77,49,86,78,17,24,27,12,44,70,41,31,70,90,62,80,23,78,66,90,34,3,84,56,73,66,65,17,49,33,93,93,32,75,29,72,87,85,89,33,83,59,61,44,11,30,45,64,25,7,99,78,42,60,87,10,62,54,52,94,68,20,29,8,69,85,46,66,24,46,38,23,6,35,32,30,41,87,25,67,29,77,41,68,94,84,76,29,5,15,56
k_84,73,63,60,25,16,55,22,25,61,10,42,94,14,75,17,47,25,58,15,71,75,17,29,43,42,100,12,65,2,35,36,51,96,78,37,87,41,52,41,94,10,63,5,94,65,38,60,69,96,96,67,17,58,18,78,48,86,3,74,95,34,15,65,41,58,47,41,56,19,72,38,2,38,55,97,80,5,98,10,86,59,26,22,61,99,16,57,49,100,93,91,94,5,14,22,74,72,82,100,82,78,87,44,3,7,51,100,100,68,56,21,39,5,24,62,69,15,80,61,72,26,95,36,97,13,26,73,20,29,31,87,56,78,20,58,81,62,95,59,78,85,49,53,72,65,48,63,62,54,12,22,40,59,53,67,95,61,13,63,69,55,15,39,99,30,12,64,100,39,55,7,36,37,54,8,23,12,69,16,87,52,58,57,61,23,38,91,77,56,55,89,100,80,41,26,5,47,94,84,43,99,77,78,1,9,27,39,31,80,87,79,73,63,49,52,87,89,42,44,23,38,62,58,72,40,46,70,99,31,27
k_85,89,99,64,11,73,87,47,23,14,70,6,51,47,56,3,18,29,17,85,11,82,71,34,12,23,72,8,96,31,4,52,72,22,70,6,28,90,41,54,45,72,76,93,83,41,36,55,44,5,2,34,26,2,19,49,75,24,99,38,75,94,47,97,60,27,29,82,63,94,3,16,78,55,40,70,20,11,99,95,62,8,79,23,30,74,76,53,80,3,39,46,27,3,99,61,69,75,93,61,31,93,100,11,30,89,67,85,66,53,12,60,63,11,18,42,85,94,6,38,100,29,49,64,28,92,86,52,1,32,34,86,20,65,86,48,5,50,58,64,70,97,51,91,95,89,11,83,63,67,41,73,13,19,53,58,81,8,10,9,38,43,28,48,42,93,13,12,66,32,43,99,27,39,59,12,55,17,91,61,79,64,53,83,74,75,83,84,33,30,64,85,77,82,65,36,90,69,80,65,39,50,33,44,42,19,23,50,91,79,74,98,70,81,15,95,74,64,9,32,95,4,54,90,71,98,37,90,71,46,77
k_86,88,2,78,31,25,73,71,41,73,7,1,56,58,60,49,25,83,88,1,97,67,14,56,100,95,18,45,38,13,77,67,72,10,47,72,43,66,33,25,9,78,7,19,36,11,32,17,21,10,56,80,60,90,87,67,12,56,87,51,63,96,76,6,6,25,98,84,24,73,61,1,78,73,75,8,18,72,63,34,73,54,28,62,54,46,26,67,37,6,68,31,54,52,48,52,45,5,71,67,42,92,70,28,72,48,62,63,64,1,5,60,16,77,4,34,14,54,12,63,5,1,93,88,48,99,27,45,53,67,26,72,28,70,82,11,58,89,76,14,23,76,30,69,2,49,53,98,51,24,91,48,62,1,54,24,66,60,95,85,40,63,19,51,94,14,8,18,27,25,84,16,46,42,19,69,85,97,13,69,44,24,31,84,43,46,2,80,18,3,93,51,32,10,80,38,22,99,7,39,2,17,56,29,2,64,57,89,4,60,24,90,42,56,58,13,3,45,93,65,2,72,66,21,26,84,44,23,79,64,19
k_87,32,3,63,57,69,7,67,49,78,59,51,84,17,60,52,72,65,2,22,55,72,18,48,25,54,4,21,38,42,20,66,54,58,33,70,79,19,40,50,66,40,40,34,32,89,83,5,47,67,81,95,34,55,14,12,37,83,56,76,49,6,36,91,42,96,59,62,32,98,74,85,98,31,86,38,3,84,56,14,28,6,18,18,61,10,66,84,88,12,22,3,39,75,47,63,17,28,63,25,21,18,61,26,92,25,6,60,51,47,100,43,84,91,31,38,62,1,83,77,45,39,43,6,25,70,94,29,67,8,84,52,95,100,26,11,65,75,74,90,38,11,29,6,10,99,40,19,22,58,32,36,69,53,18,71,61,7,29,91,96,87,52,57,20,36,16,24,79,83,47,28,24,55,51,83,28,29,2,51,96,88,91,90,42,66,34,88,42,95,64,29,23,7,66,31,48,3,34,76,66,48,18,86,71,1,91,14,87,65,56,75,35,52,50,61,21,93,67,4,17,19,8,82,99,36,59,62,94,20,96
k_88,86,70,98,18,89,44,81,65,17,46,40,41,69,67,90,16,29,74,36,56,8,63,35,89,21,20,52,89,54,50,77,74,20,54,53,81,50,43,53,97,40,68,73,72,85,72,31,54,57,53,28,9,13,88,28,25,20,34,63,52,59,33,48,12,39,47,57,81,30,58,58,93,32,61,75,52,83,40,58,57,1,17,77,46,99,3,35,47,3,32,19,31,37,7,73,76,81,58,74,75,67,57,35,99,88,52,72,68,100,24,15,2,95,100,81,22,30,69,15,81,27,20,34,82,61,57,24,41,82,36,70,77,23,3,68,56,56,20,100,97,7,82,9,90,88,1,65,81,14,4,100,70,75,53,22,52,67,38,98,63,54,62,39,54,64,13,26,91,55,49,5,91,88,80,19,79,55,4,13,64,23,1,38,3,46,21,74,66,16,99,56,74,70,62,33,15,52,73,73,11,9,60,14,13,15,60,42,1,28,59,65,74,30,90,11,34,62,76,83,12,95,78,6,78,13,72,54,18,73,6
k_89,54,23,68,18,27,96,48,18,82,58,83,40,69,22,79,97,64,64,91,72,38,32,42,13,82,10,99,53,17,61,14,58,75,79,65,98,88,9,66,61,62,6,25,67,53,61,2,41,30,17,42,27,28,25,14,49,16,84,36,48,39,33,14,9,78,53,2,65,29,6,21,41,89,70,44,76,75,73,47,86,25,48,16,91,64,49,95,49,4,68,91,44,81,94,78,54,64,70,53,8,58,15,39,41,61,81,29,78,78,1,58,67,35,49,73,50,79,3,77,92,1,72,92,80,53,73,81,47,96,83,24,90,7,94,96,19,45,83,57,52,65,47,23,79,99,74,11,92,80,27,6,90,40,100,10,100,97,34,65,62,80,85,66,5,69,33,35,98,11,11,73,28,24,29,43,81,1,48,47,62,31,45,77,65,51,85,70,84,4,83,48,37,33,89,83,84,37,34,72,48,17,10,88,81,74,18,77,50,97,20,18,51,41,4,19,81,55,11,26,57,85,38,94,12,59,10,57,17,46,96
k_90,43,10,58,71,31,33,26,1,71,76,74,52,26,84,96,46,25,17,22,76,82,83,66,87,24,9,32,40,50,68,86,86,35,80,48,37,63,13,33,72,27,86,5,93,79,7,18,97,52,6,17,9,87,50,44,32,46,60,2,80,68,58,24,68,12,79,14,55,60,12,82,8,25,77,40,91,43,98,11,6,64,17,68,61,57,80,14,57,2,6,24,35,6,94,22,43,98,44,6,61,18,36,40,23,52,37,36,49,43,45,69,25,1,30,55,20,48,16,91,53,41,18,51,38,17,70,18,21,10,44,49,79,84,13,33,32,78,1,14,1,47,15,14,10,72,44,40,59,29,65,61,28,31,6,20,91,75,64,94,84,72,70,60,56,49,96,35,39,56,53,5,25,11,7,21,96,17,15,68,54,81,54,33,51,19,60,16,47,85,65,49,79,11,50,29,44,70,29,62,44,42,10,30,10,80,44,26,4,72,85,49,26,50,56,81,70,19,45,53,43,57,38,69,11,93,55,38,34,94,17
k_91,28,72,40,88,14,72,7,67,7,47,78,53,63,45,86,97,87,10,54,91,94,43,98,18,31,49,86,91,26,28,40,39,63,78,94,90,97,45,16,51,13,55,72,37,42,46,56,75,12,73,48,93,21,78,49,89,5,26,65,69,97,6,42,20,61,9,56,62,24,90,62,86,11,27,73,45,13,45,39,42,43,8,97,18,69,12,21,31,24,99,84,85,38,13,37,58,56,20,38,98,97,59,1,36,72,76,85,7,55,98,41,51,87,38,12,92,12,10,28,58,20,33,89,42,61,90,33,19,70,7,20,6,99,72,5,50,86,29,74,6,48,98,24,51,60,27,80,13,87,29,34,3,89,53,83,62,58,20,26,4,31,35,64,6,17,84,10,58,79,49,18,100,30,20,73,7,24,27,79,37,62,76,50,1,93,91,39,50,7,91,48,28,17,33,12,33,95,47,79,68,47,89,53,46,75,5,84,3,64,76,79,60,27,92,11,50,20,70,84,33,31,86,3,36,77,8,39,61,17,13
k_92,38,71,68,76,63,85,90,20,47,74,46,63,74,29,9,36,83,30,69,82,47,39,36,41,9,84,68,74,85,49,49,56,79,43,89,58,78,44,80,28,6,76,68,64,63,76,59,58,88,26,81,36,72,84,44,13,52,35,80,32,53,39,94,80,49,43,100,14,22,95,55,39,8,51,37,7,44,89,45,24,5,69,1,100,52,54,33,63,4,68,22,64,26,21,11,76,6,83,61,79,98,73,11,67,35,40,24,97,65,64,90,73,41,8,25,53,55,51,24,25,22,96,3,17,2,67,35,22,20,9,13,17,15,62,61,49,81,38,96,7,34,65,34,77,22,41,77,8,3,3,55,67,68,51,2,50,18,84,61,3,95,6,55,9,39,39,52,64,70,37,99,88,18,29,57,22,67,91,19,94,15,26,78,28,91,57,30,30,94,67,94,87,92,96,10,82,66,100,14,65,85,22,58,22,83,67,91,88,55,61,53,100,44,61,84,47,46,19,94,27,86,93,75,31,32,57,20,52,78,59
k_93,14,36,46,7,36,69,52,11,56,51,71,61,24,77,97,88,88,32,39,57,88,30,17,62,66,8,24,19,20,11,88,75,62,83,99,30,89,26,32,31,49,47,51,37,46,89,72,70,51,63,86,92,100,52,28,46,45,53,69,52,36,21,33,40,94,89,29,76,63,22,51,19,41,83,81,8,15,97,55,43,49,98,51,60,4,53,38,33,10,63,73,100,39,68,1,95,2,31,49,28,14,34,11,55,59,93,38,53,21,3,50,88,7,71,74,11,65,71,84,85,74,35,55,97,92,39,99,24,16,18,86,61,60,82,95,11,39,88,85,91,10,74,65,45,92,33,35,88,66,81,19,88,46,83,96,98,23,77,62,3,98,36,30,63,94,65,8,37,12,21,78,28,45,69,98,27,21,62,66,82,56,41,99,38,80,55,57,70,56,64,98,85,67,53,71,88,17,79,53,89,11,57,90,10,42,39,82,89,79,90,30,92,25,21,51,95,60,67,54,65,45,54,51,56,35,67,90,76,76,71
k_94,21,25,67,11,93,84,88,54,67,26,34,55,55,37,44,86,85,5,50,90,91,86,63,57,63,57,31,45,65,86,92,11,31,67,12,25,82,34,80,49,34,74,10,66,49,53,2,96,8,92,3,48,35,19,79,34,30,47,68,93,50,26,68,14,44,42,44,45,15,68,71,18,35,81,94,41,25,49,39,29,11,6,8,15,12,12,58,90,30,74,52,17,11,89,95,96,42,92,73,93,54,93,56,96,2,64,60,14,81,51,82,43,43,87,58,85,33,49,97,67,13,63,58,48,26,59,29,43,78,89,54,63,26,38,45,90,56,77,12,7,51,44,30,59,12,73,29,82,69,60,97,60,59,29,81,8,27,9,36,76,93,44,58,13,47,2,90,35,89,11,20,91,28,63,97,78,44,36,75,75,71,50,99,10,53,21,56,47,51,69,54,82,15,61,17,34,23,84,23,94,37,9,24,68,51,50,15,50,8,95,33,52,89,37,10,78,82,31,4,39,88,26,85,94,54,48,71,14,33,63
k_95,64,35,97,14,43,72,60,81,24,50,92,100,76,12,65,76,92,52,46,72,40,81,55,19,46,38,59,53,16,78,77,25,40,74,7,40,25,28,19,19,18,35,57,66,63,75,59,45,85,26,67,57,55,81,85,88,27,49,100,76,38,54,42,73,58,56,34,72,73,24,4,34,58,58,58,79,74,86,18,93,68,75,58,95,25,7,38,19,48,12,48,45,35,96,76,49,2,64,43,94,19,66,93,76,52,15,32,24,68,97,8,91,33,61,92,66,80,38,16,7,70,99,34,61,91,68,5,55,51,17,2,1,40,47,91,86,6,34,99,40,76,26,32,96,20,27,37,76,74,16,1,14,69,82,60,58,54,10,22,13,71,8,88,70,38,60,52,66,44,69,45,58,32,49,45,45,57,91,86,63,33,38,38,33,59,1,79,83,19,44,12,24,73,89,30,60,18,45,66,47,14,99,60,10,78,36,89,46,34,20,49,13,41,63,44,93,82,1,59,79,89,14,65,96,89,57,78,4,41,94
k_96,87,24,90,5,94,74,74,65,53,48,70,61,91,73,40,2,43,93,45,5,47,31,85,70,1,27,66,21,82,53,54,33,58,25,31,14,48,40,26,52,53,21,48,55,83,99,35,95,82,77,25,67,38,1,55,85,65,89,5,42,6,35,12,70,58,70,79,83,31,79,11,35,16,13,70,28,85,5,51,57,86,60,78,15,16,20,33,44,15,48,95,50,32,76,96,49,65,20,99,74,25,84,43,58,57,12,67,81,100,49,56,49,19,35,32,6,100,63,55,22,50,39,32,51,40,26,69,16,82,35,69,91,5,8,77,37,73,70,45,6,46,87,69,4,82,42,30,32,37,44,2,62,30,3,38,67,63,53,94,21,100,23,76,1,77,55,93,12,12,39,44,75,1,77,31,38,50,45,28,54,40,2,56,27,24,72,38,75,61,81,41,9,38,15,98,97,91,44,80,30,7,17,89,88,68,49,85,38,36,15,51,52,53,42,12,61,83,19,41,14,23,55,51,65,9,47,11,27,5,14
k_97,72,36,27,50,72,51,87,8,99,9,20,37,97,9,93,19,58,54,78,26,95,20,30,80,88,51,40,53,55,85,59,51,6,82,3,11,56,3,41,15,72,51,34,3,24,9,41,39,81,37,3,25,26,67,57,11,1,63,33,87,60,48,31,9,56,98,51,95,97,40,84,82,10,99,56,53,92,80,1,89,60,95,20,46,1,98,62,39,86,60,58,63,50,60,64,38,31,61,80,82,84,26,48,29,28,62,4,64,30,84,49,97,55,48,76,68,31,13,39,10,3,48,64,75,68,24,79,87,68,11,6,28,80,18,42,60,72,17,81,53,34,62,39,83,72,28,97,44,80,76,43,18,85,6,6,35,89,56,8,12,64,82,41,2,46,43,40,41,2,4,39,49,96,80,36,67,79,64,70,75,54,59,85,83,67,41,55,30,72,26,70,31,83,9,45,44,53,79,4,34,40,51,38,18,63,72,91,8,59,72,29,82,12,8,82,17,57,85,37,86,69,67,29,77,32,5,36,42,33,54
k_98,34,13,42,23,96,13,59,37,100,41,64,51,42,98,42,93,91,35,22,17,30,74,3,36,65,81,17,4,36,32,21,97,55,19,35,93,16,72,63,3,68,28,59,61,49,72,12,34,14,86,16,62,43,60,81,72,20,77,68,64,24,22,2,5,79,99,49,73,27,81,61,32,16,57,24,16,25,37,52,58,27,92,84,64,39,42,53,44,11,24,24,87,69,86,45,97,29,68,44,1,22,29,86,66,90,90,77,87,67,27,1,41,79,13,77,86,72,5,25,47,79,47,90,45,26,10,39,98,73,80,36,82,17,27,73,1,85,40,79,83,60,21,16,41,24,87,48,67,55,71,46,35,62,24,56,1,11,17,34,43,20,68,8,88,14,82,88,68,36,88,12,87,35,77,31,44,57,73,68,54,13,6,79,71,10,71,76,9,28,30,4,46,63,98,19,19,5,24,89,25,15,95,67,99,4,31,89,18,86,80,54,48,4,45,87,72,44,60,66,4,20,12,54,36,44,3,63,9,84,59
k_99,51,46,78,84,13,32,30,53,88,73,35,90,41,72,59,6,30,25,20,26,74,48,29,91,27,58,42,98,1,96,16,26,83,86,43,18,94,44,66,91,46,30,36,6,57,100,60,99,50,3,67,77,33,40,16,84,58,74,11,21,39,100,37,17,76,99,60,88,98,77,7,1,88,34,98,20,39,73,43,88,95,54,60,30,65,31,41,25,62,58,96,57,60,25,62,8,63,97,34,11,69,11,4,52,14,36,95,4,98,50,72,88,71,5,27,33,46,65,37,23,22,87,23,79,75,75,29,49,13,1,57,22,47,23,46,59,18,87,82,52,3,93,14,55,29,8,99,96,60,42,69,55,10,79,47,12,68,31,75,53,22,64,3,77,72,82,7,61,22,12,38,90,4,6,30,37,62,38,46,26,6,30,44,71,59,23,57,99,48,67,70,100,24,73,41,91,38,65,41,53,45,43,26,5,76,24,10,40,25,71,75,83,23,41,6,18,11,74,91,32,5,100,74,7,4,58,12,65,27,61
k_100,54,67,46,11,30,96,100,58,69,41,26,37,59,30,13,59,77,88,78,100,44,46,32,43,30,51,58,37,8,3,22,59,51,66,10,69,21,9,84,98,22,73,4,87,4,82,79,29,2,48,49,9,23,22,8,19,4,97,16,86,12,11,39,43,4,59,20,37,70,75,20,19,17,16,66,80,50,48,17,36,7,70,51,89,56,16,61,32,8,42,28,18,100,61,18,3,74,80,72,4,27,3,9,39,44,29,54,5,39,99,31,53,16,23,67,47,6,10,94,85,100,91,34,33,15,90,95,84,10,53,20,64,85,93,39,9,93,45,76,25,81,7,25,98,13,85,26,27,28,69,59,43,7,63,45,35,95,5,56,2,94,93,94,32,30,92,65,19,16,73,64,53,95,49,74,38,75,97,99,74,48,11,88,71,28,20,87,23,49,63,47,30,27,38,18,16,90,22,55,86,96,97,55,28,33,87,14,42,12,68,57,79,8,25,97,99,28,88,100,23,78,60,53,79,50,48,85,91,64,99
k_101,39,67,61,44,17,56,79,88,90,17,24,47,27,78,97,36,2,33,42,42,5,35,51,91,85,48,86,21,50,72,74,64,27,50,75,50,29,92,99,90,25,20,69,80,45,98,93,93,52,40,76,58,64,56,57,68,18,4,100,86,33,11,66,73,67,73,2,16,40,69,62,47,63,24,43,91,17,84,21,74,89,86,74,11,53,71,73,48,53,32,55,63,84,85,61,59,57,53,16,47,42,27,24,27,28,93,38,7,85,21,57,17,16,65,28,29,98,23,61,54,99,27,22,22,17,35,89,25,31,60,96,77,14,97,75,58,83,26,13,52,30,6,81,22,26,17,17,47,38,54,87,7,86,36,42,59,72,93,49,63,66,8,41,43,67,69,46,18,71,89,32,8,49,85,10,39,49,99,95,44,44,19,5,92,11,27,66,25,94,73,92,90,34,39,60,63,18,9,97,53,84,7,30,27,16,55,86,9,94,87,18,6,23,48,67,87,93,82,29,84,61,45,48,4,18,2,29,70,72,4
k_102,21,14,25,75,3,13,56,7,33,28,3,48,11,53,26,40,4,17,74,58,42,2,97,23,23,85,88,18,27,56,80,72,50,80,70,37,47,75,67,59,70,13,42,60,69,78,2,8,38,44,60,11,2,16,46,75,89,48,47,54,13,60,100,20,48,19,52,45,85,45,31,71,53,78,12,1,11,80,4,80,41,86,23,90,76,28,53,42,36,16,33,31,77,99,64,6,19,42,47,87,21,43,27,64,28,53,82,10,66,41,57,5,97,42,98,5,87,26,58,79,94,37,37,85,89,63,7,6,69,88,46,91,85,24,95,18,22,93,2,57,51,84,58,23,48,64,66,85,87,14,63,80,36,39,14,13,42,31,63,72,59,45,52,86,9,63,82,73,74,62,5,92,51,68,56,83,91,46,96,92,73,16,47,87,33,22,38,55,99,62,3,69,10,88,52,34,80,90,75,3,74,97,40,64,92,78,6,73,9,82,67,55,29,54,60,60,76,82,28,8,87,93,45,12,11,30,76,38,45,39
k_103,10,74,16,55,2,43,39,39,3,22,75,40,34,17,73,4,70,11,17,88,93,84,57,84,4,75,88,2,65,38,27,80,44,89,97,63,41,48,54,62,83,7,48,7,65,17,31,41,2,31,73,36,4,41,64,5,17,60,53,21,82,23,75,30,57,14,51,20,64,45,37,74,26,39,28,41,45,89,6,83,93,30,76,68,70,57,85,43,65,16,28,76,93,67,18,79,94,15,79,43,31,63,85,56,78,58,17,85,15,5,16,37,33,68,37,45,84,66,69,51,99,95,97,39,78,61,77,28,31,16,45,87,49,27,91,97,44,53,39,96,82,64,99,65,4,69,13,29,64,10,3,15,57,49,53,65,56,49,38,54,6,86,53,31,63,47,50,8,36,58,78,43,95,65,96,85,48,34,51,76,76,69,25,54,94,100,19,58,15,90,44,3,19,99,75,90,75,80,5,99,7,34,1,10,25,6,91,29,57,17,86,97,98,17,52,27,88,45,12,30,31,8,46,59,46,96,51,78,96,97
k_104,79,59,11,67,42,94,29,33,68,33,99,39,92,40,72,87,69,44,66,6,18,47,65,26,34,72,74,19,2,10,65,44,48,14,64,44,44,88,28,33,11,67,29,91,74,65,75,30,12,37,56,15,42,13,32,72,45,34,21,96,65,99,19,81,16,14,69,62,57,16,37,58,29,7,6,90,48,22,63,79,32,61,26,71,91,26,58,45,85,16,24,96,39,90,20,88,54,66,54,62,64,51,33,51,26,19,6,28,23,61,97,83,45,15,73,7,30,78,63,13,9,52,68,99,83,68,78,58,76,62,26,81,95,87,9,36,49,10,19,51,4,91,21,65,35,82,43,81,20,97,89,6,16,92,83,99,83,70,75,74,2,74,28,95,14,75,19,72,32,81,62,40,15,31,81,36,89,31,96,23,93,82,89,50,89,20,18,90,4,4,84,96,51,43,33,89,20,53,74,16,3,67,70,6,77,49,2,59,94,80,55,99,87,10,98,100,91,30,32,75,12,11,23,10,55,77,1,98,29,39
k_105,78,91,60,61,3,67,4,63,49,86,76,45,56,8,68,54,94,97,71,25,49,52,7,12,2,47,65,41,98,95,91,80,63,78,33,81,89,91,92,37,68,92,66,12,64,53,86,84,56,84,70,48,42,69,70,26,23,71,81,42,2,44,46,77,16,43,98,47,15,46,37,85,18,39,33,71,66,49,28,70,95,90,38,73,94,77,63,4,90,37,31,66,77,51,77,83,16,41,98,27,69,74,79,32,62,38,95,38,57,55,49,55,62,77,99,10,22,70,58,72,93,71,16,43,73,58,2,100,96,21,26,65,78,32,22,57,69,88,85,36,75,44,15,43,21,83,60,43,82,74,57,22,29,99,76,69,92,75,64,16,35,8,51,64,64,45,33,33,32,4,38,5,30,66,21,40,43,94,14,29,14,74,14,14,14,98,62,72,1,27,88,58,40,53,57,17,24,83,15,90,29,29,58,66,84,60,64,62,96,99,52,50,30,3,81,86,54,24,44,47,46,31,60,59,88,94,41,6,86,77
k_106,58,63,70,7,14,49,91,14,74,99,6,43,32,5,82,20,21,62,61,78,35,71,13,29,3,23,77,86,12,98,66,98,94,12,99,74,29,64,46,66,54,84,7,43,68,33,75,4,49,10,75,25,78,62,79,15,16,93,21,22,91,7,84,71,26,2,58,47,16,99,14,20,60,21,20,100,90,1,37,49,70,27,21,63,64,5,73,79,34,93,68,21,95,24,21,64,2,84,81,76,24,99,27,58,41,20,85,65,79,40,81,57,94,15,98,81,64,27,9,13,11,22,23,72,30,86,61,53,95,95,86,48,57,21,79,34,41,28,24,3,23,79,73,42,67,71,13,60,23,24,20,38,97,72,47,68,7,61,19,73,5,96,64,74,24,11,20,74,10,92,39,81,53,39,69,48,62,88,54,20,62,14,41,49,4,12,40,93,59,29,77,27,19,53,14,37,90,67,54,31,76,5,72,84,38,27,25,91,31,52,44,13,100,87,100,55,99,59,38,30,5,10,18,5,11,43,41,59,50,95
k_107,77,23,91,95,87,95,22,1,52,21,6,27,66,28,35,95,79,82,62,19,38,19,42,85,43,54,89,100,15,23,90,43,35,42,53,36,33,76,74,30,62,1,47,17,53,85,40,55,93,55,92,55,98,36,85,32,12,65,92,14,85,30,27,66,84,35,82,53,31,11,27,100,10,76,81,92,88,48,52,69,59,11,78,97,95,74,42,86,54,43,23,4,70,79,32,19,50,1,21,12,54,91,72,91,51,95,77,100,30,81,45,86,7,59,47,78,73,76,54,40,58,59,79,27,21,65,96,40,99,32,62,4,59,66,93,94,6,51,35,67,41,4,85,81,61,89,41,63,96,53,21,4,68,82,27,24,8,1,57,53,90,8,13,13,48,90,45,36,95,57,78,4,75,47,48,3,90,85,18,58,79,76,72,63,8,89,91,15,78,60,2,63,79,29,84,89,10,90,42,75,24,2,61,88,1,65,56,76,9,7,16,6,3,41,65,37,72,1,33,48,6,49,79,49,11,47,10,95,64,38
k_108,86,26,69,53,2,53,23,6,51,82,4,73,2,77,22,77,19,58,1,1,72,52,53,15,79,7,40,6,84,51,59,64,96,80,67,26,89,20,46,33,63,27,3,94,26,53,74,62,55,97,20,2,55,92,9,2,89,33,12,8,64,36,65,41,82,61,84,76,1,63,67,76,10,74,64,60,27,20,81,83,40,54,57,97,6,61,62,75,99,19,1,23,27,47,33,55,30,36,2,15,21,56,1,85,92,67,38,97,88,42,63,88,21,65,2,82,64,95,68,35,53,94,26,67,42,42,68,9,49,49,3,61,97,79,61,84,40,63,13,14,31,43,78,68,31,32,17,42,13,22,99,83,46,48,79,96,56,41,99,95,59,38,99,84,99,39,20,71,70,14,81,23,84,49,81,89,44,59,36,59,40,17,81,86,7,20,9,69,12,29,56,46,11,29,94,28,29,57,25,9,35,48,31,97,83,38,66,53,44,84,61,55,44,1,11,47,38,95,21,72,22,11,46,53,48,80,50,23,50,81
k_109,72,70,97,76,13,48,35,75,91,4,13,91,64,6,44,100,82,86,2,6,55,98,51,11,85,10,88,87,18,46,32,89,52,66,73,92,6,15,88,6,29,63,31,23,91,99,32,72,69,1,87,32,32,14,39,3,55,5,13,37,32,55,23,85,87,9,57,73,42,7,63,81,56,42,85,28,48,34,16,47,80,93,54,81,5,3,56,49,71,13,78,63,82,64,83,63,87,36,84,82,39,29,60,99,98,43,82,49,54,17,54,13,84,97,56,90,59,8,4,49,51,27,44,12,41,80,39,8,91,37,20,47,7,50,30,63,80,73,84,93,87,21,65,38,13,4,38,85,10,1,68,18,49,49,11,42,67,45,44,65,24,72,55,64,48,84,47,14,68,92,19,10,32,99,27,56,47,11,61,67,35,87,12,63,82,49,8,69,25,78,65,70,74,60,95,55,11,77,87,12,96,74,12,47,44,82,22,95,23,34,22,88,40,6,78,53,40,98,83,46,86,37,62,29,83,43,70,87,78,35
k_110,18,72,31,100,86,1,100,3,73,99,63,11,39,4,5,25,30,80,51,62,100,67,84,61,59,52,3,58,80,20,77,40,87,13,55,68,70,61,58,95,67,52,2,73,71,99,9,86,41,86,23,74,3,30,30,69,45,81,72,36,20,50,70,81,25,76,88,6,96,49,10,12,67,21,54,14,84,100,17,59,21,74,32,43,82,73,86,77,12,17,90,33,26,38,68,85,66,99,97,82,67,2,73,18,73,40,55,50,96,76,87,65,46,81,10,76,49,20,8,91,50,51,68,3,15,25,33,65,28,89,81,7,78,24,6,78,1,77,88,39,6,28,32,2,80,67,57,56,48,51,29,90,13,53,68,13,32,75,23,93,74,71,67,35,83,48,70,91,6,35,74,87,67,43,78,81,63,88,3,77,44,37,9,47,98,37,39,38,38,95,19,2,49,29,94,25,23,5,43,90,5,51,57,53,70,45,16,45,23,77,39,39,33,81,44,1,43,54,40,97,38,14,24,17,61,15,99,39,53,39
k_111,50,77,61,4,53,20,75,14,96,32,90,2,15,30,18,43,73,53,100,89,89,100,77,44,48,52,26,96,84,67,91,76,92,83,95,30,1,47,22,91,5,34,47,12,55,32,27,89,10,29,10,18,11,53,1,14,40,76,84,65,51,82,80,77,23,68,16,69,31,40,22,53,79,53,46,93,27,74,99,48,66,28,85,32,68,52,52,61,13,20,77,94,81,96,31,15,36,32,12,77,31,74,27,33,63,48,41,50,8,16,17,73,12,92,61,63,43,72,7,22,22,36,11,48,73,40,5,56,34,26,30,79,32,40,22,17,81,38,81,90,65,53,90,56,57,90,61,78,40,28,58,19,83,42,15,46,68,46,35,76,68,26,17,4,97,16,27,25,1,17,45,47,56,4,99,24,100,57,46,11,40,16,53,7,65,24,34,99,51,40,32,5,78,65,50,86,81,7,10,58,96,20,92,36,99,26,27,4,94,84,8,79,36,59,72,81,6,16,18,87,29,100,62,3,75,32,100,44,36,55
k_112,4,6,9,78,49,67,28,46,1,2,8,22,42,39,45,40,10,29,57,60,5,84,7,72,21,73,5,83,28,69,45,22,60,90,79,60,45,76,87,44,76,9,7,5,17,31,37,93,72,93,34,52,62,100,17,3,10,25,83,63,20,36,60,61,90,100,17,6,72,62,10,89,60,36,79,17,3,15,70,43,42,23,55,83,9,74,86,80,37,1,78,16,41,82,12,56,78,17,7,93,2,84,39,12,98,65,59,20,62,90,33,39,89,37,92,67,82,83,87,100,66,83,48,66,48,19,57,88,89,61,58,65,64,35,65,15,41,50,79,71,50,39,30,47,36,49,4,54,35,36,83,41,91,47,27,80,19,50,23,34,45,15,53,40,36,64,95,8,25,7,15,61,12,1,72,60,23,11,39,54,98,90,35,100,10,93,93,3,62,29,50,8,30,98,25,23,15,23,91,52,25,89,85,80,66,94,82,22,65,52,35,68,15,99,58,60,29,54,98,79,88,42,96,80,13,30,2,60,11,89
k_113,98,9,35,10,68,75,14,55,82,60,70,24,38,99,63,27,27,1,60,79,46,70,84,16,92,40,67,10,35,80,65,89,33,92,39,83,56,49,12,2,100,27,17,76,98,87,96,34,3,48,5,75,41,87,34,68,46,60,3,45,25,60,54,74,39,65,7,39,58,23,13,64,60,32,20,14,81,61,42,92,95,41,15,15,2,90,15,60,65,87,83,86,75,46,62,37,83,68,80,4,29,79,15,76,41,9,32,95,66,78,85,92,40,59,17,70,41,70,7,72,21,15,70,73,8,85,59,71,91,51,36,5,58,82,8,88,97,41,70,26,55,29,4,24,84,88,27,66,37,61,84,60,56,79,79,42,92,90,17,69,6,5,94,70,24,41,63,19,93,88,27,75,92,88,52,94,29,16,8,14,85,25,66,36,68,2,29,84,69,6,2,90,4,52,30,19,54,30,45,82,91,52,16,85,70,23,47,98,3,5,74,39,54,84,44,27,88,24,82,65,48,98,61,25,50,90,51,11,81,48
k_114,54,71,52,33,89,6,92,3,19,7,49,60,15,74,29,6,93,75,39,83,89,4,47,42,44,78,76,74,14,98,49,42,95,21,66,26,27,88,89,17,1,7,27,52,81,58,38,54,33,83,100,41,47,72,63,26,49,85,30,59,43,7,21,94,46,53,46,44,79,33,53,67,30,99,100,2,87,60,51,98,11,26,100,70,83,81,51,23,36,3,97,8,17,4,36,99,79,93,19,38,62,13,6,61,4,45,54,7,65,63,67,78,65,68,7,30,85,22,29,37,97,91,33,3,96,90,25,67,72,40,48,3,59,95,94,69,83,14,19,4,52,21,66,36,16,6,41,61,72,90,23,1,35,2,8,16,4,8,39,9,6,37,44,76,99,83,56,63,78,4,36,100,11,70,71,58,46,38,92,1,27,28,17,84,80,8,51,84,65,7,22,62,96,52,41,53,57,42,65,17,36,100,53,81,30,22,87,97,24,94,68,93,34,21,44,2,25,37,34,2,83,71,22,59,68,94,71,79,18,40
k_115,1,33,21,68,22,27,86,43,90,49,1,4,75,99,62,14,87,94,74,95,96,33,20,12,9,20,37,62,61,34,26,59,6,72,34,49,25,8,32,93,84,53,68,88,46,8,20,13,86,72,52,21,28,77,78,6,2,61,2,32,85,89,76,69,28,3,97,74,47,36,59,39,22,100,88,90,13,82,20,14,37,84,16,30,39,9,89,46,71,30,82,12,43,39,100,39,46,87,77,72,87,56,21,80,96,100,82,10,54,96,74,68,80,64,85,9,100,31,55,43,31,46,32,41,44,9,64,77,11,35,66,58,18,53,66,96,8,80,96,47,47,96,51,11,97,79,49,71,43,47,20,79,12,61,8,80,17,80,85,39,38,12,28,18,56,25,11,86,12,33,63,52,24,9,100,67,12,9,12,96,10,75,4,43,26,22,87,84,18,11,86,52,18,7,52,12,88,15,89,2,7,99,32,12,29,10,95,7,31,67,41,3,20,59,94,73,56,42,41,83,56,57,26,64,80,3,70,62,19,53
k_116,29,83,46,29,73,54,45,18,34,40,87,77,70,15,25,24,22,60,60,35,88,48,97,20,9,82,68,66,18,25,78,85,97,17,18,96,92,29,35,47,70,74,67,91,84,57,74,59,85,11,88,55,59,69,38,38,4,93,54,67,56,58,10,59,69,78,17,78,83,20,14,92,47,34,32,59,61,39,60,34,51,60,87,70,69,68,7,35,81,44,28,67,49,100,64,47,42,20,5,69,31,47,76,66,43,5,11,61,14,97,50,46,6,76,39,80,95,7,35,59,27,18,89,19,53,10,2,36,24,16,48,31,78,7,95,15,73,25,40,91,48,71,23,31,73,63,4,25,56,58,18,24,83,65,30,85,50,79,77,53,50,92,29,12,80,91,12,36,83,92,35,44,59,92,51,2,52,72,20,63,83,89,29,27,87,59,35,40,75,42,17,80,13,57,46,50,32,28,51,57,83,21,66,63,14,97,53,91,76,92,33,89,40,23,74,20,88,89,3,27,95,96,69,65,46,99,98,60,99,35
k_117,75,19,76,40,38,73,96,95,95,88,30,83,5,71,60,89,97,58,95,43,73,58,6,99,72,39,8,87,58,83,53,58,28,76,42,45,18,43,13,1,96,69,35,82,93,53,50,41,13,66,10,48,55,44,76,83,31,44,81,1,48,49,89,65,54,82,15,66,8,34,62,58,24,58,86,84,38,44,20,21,84,32,65,72,62,93,82,66,73,84,28,90,62,33,97,83,63,24,17,27,35,81,83,1,20,91,7,5,10,43,22,53,69,97,24,26,3,100,82,26,18,43,99,89,73,52,76,67,90,53,36,36,90,21,61,22,76,52,100,47,30,66,84,48,71,88,34,36,16,61,82,51,65,83,13,83,70,40,44,87,1,17,57,61,11,20,37,80,95,96,52,88,3,66,90,96,34,46,30,86,92,38,33,84,13,94,4,54,57,89,17,70,61,66,42,13,69,5,35,15,59,47,37,83,61,8,57,83,65,54,2,45,51,80,57,15,53,27,25,50,2,99,12,53,100,37,93,44,2,59
k_118,13,71,42,58,79,2,9,55,69,16,43,54,54,98,7,22,14,48,90,59,56,6,41,57,43,11,32,10,38,21,12,80,34,14,53,58,36,74,82,97,10,10,88,61,38,46,16,59,56,58,45,9,28,87,25,16,100,92,14,57,15,73,4,37,73,25,91,27,35,16,58,28,84,51,89,94,54,8,52,25,48,8,17,25,57,71,11,15,37,92,97,20,49,20,100,71,19,76,65,15,99,70,56,23,93,49,11,23,25,1,62,42,74,47,98,80,82,11,56,32,35,34,99,74,88,22,80,33,1,25,64,14,67,18,80,84,48,9,3,85,85,25,27,66,49,30,47,14,47,8,91,91,24,74,23,9,18,81,41,5,16,88,20,27,45,16,46,46,60,77,37,29,17,73,46,2,14,85,60,77,48,4,74,56,79,39,43,94,35,35,2,7,65,47,88,96,88,82,82,81,31,47,17,25,31,87,23,45,34,66,86,2,61,34,9,99,56,3,10,1,98,82,43,90,48,19,20,2,61,1
k_119,17,85,84,35,65,100,100,68,89,99,47,53,33,31,98,16,77,32,98,77,46,64,33,94,57,66,14,17,99,6,93,25,19,76,37,53,49,83,18,78,31,66,100,48,44,96,97,32,46,14,97,76,68,18,97,45,36,92,50,81,46,34,79,4,54,84,36,56,16,9,23,81,79,44,63,81,99,45,94,52,9,29,13,87,99,74,40,36,85,82,83,25,32,43,39,7,17,34,91,61,85,68,87,57,34,98,20,1,26,47,68,11,12,33,22,37,98,14,54,4,67,52,40,27,40,35,29,3,11,20,35,95,22,73,72,4,32,19,42,14,49,97,93,25,26,35,93,12,39,1,52,49,14,36,69,67,97,84,37,23,26,53,82,26,7,63,43,38,31,4,76,18,89,27,21,22,22,18,18,42,18,25,18,31,71,2,35,17,59,43,19,98,87,90,2,46,92,23,79,9,32,61,67,100,73,11,10,34,35,5,52,6,64,46,14,84,55,78,7,66,29,24,13,53,94,94,36,78,22,81
k_120,34,47,53,61,52,84,15,100,53,69,73,19,31,5,39,46,56,6,17,38,49,60,93,45,21,95,4,19,91,87,54,68,12,11,16,40,51,23,35,66,9,5,77,83,73,80,1,70,51,96,42,45,96,54,68,29,96,92,5,64,24,97,61,63,20,100,15,28,50,64,56,23,5,74,60,83,63,73,11,6,54,85,34,62,71,20,26,11,55,10,53,55,40,70,53,82,41,62,77,3,59,24,93,62,80,27,12,98,83,51,44,29,91,75,89,77,78,53,1,43,13,19,11,80,41,64,63,15,74,6,67,89,69,26,5,77,99,70,61,3,6,1,66,48,58,55,87,94,83,55,24,4,58,68,53,55,83,9,19,55,37,56,74,31,26,27,72,14,55,42,38,22,40,53,27,17,36,95,100,58,47,24,76,52,96,29,12,60,50,71,80,71,15,26,79,45,3,23,60,26,67,77,67,16,6,19,50,11,2,46,4,33,78,46,99,28,83,24,67,66,5,14,40,22,2,84,11,37,50,47
k_121,37,20,27,68,82,51,50,95,63,49,29,98,20,22,35,10,63,62,68,94,33,96,84,65,80,83,66,26,63,20,17,97,90,69,68,4,79,85,7,87,65,57,57,77,62,16,93,74,20,70,17,99,67,100,14,11,18,10,79,18,30,27,67,66,77,100,60,11,48,32,40,68,14,72,99,74,44,84,53,91,11,78,86,55,60,42,85,100,24,80,54,36,4,12,54,92,93,49,64,93,79,36,85,48,82,96,81,26,9,9,42,93,4,66,13,43,36,30,22,98,32,41,27,51,87,100,82,42,38,14,82,62,98,99,21,71,79,76,72,23,60,40,49,86,34,30,46,98,32,60,74,15,76,51,23,78,19,1,58,86,20,33,17,78,76,88,77,58,53,69,65,53,49,100,90,94,54,82,81,5,59,29,25,51,82,64,17,13,41,82,93,34,80,53,20,22,35,48,40,62,46,50,61,40,19,54,19,28,90,58,15,77,57,20,13,56,76,98,24,18,21,71,39,55,35,10,35,94,66,24
k_122,65,82,86,80,35,96,43,65,46,52,85,35,8,7,95,25,67,78,43,21,78,99,57,74,38,32,73,78,53,8,94,80,100,25,12,66,53,77,96,8,83,42,59,58,23,69,1,81,99,6,46,30,16,77,7,94,41,92,71,47,37,100,7,67,92,24,28,65,99,35,70,95,35,24,97,100,38,82,16,1,59,52,86,17,57,76,80,95,2,49,5,2,20,58,10,93,32,22,90,94,31,22,25,32,55,57,50,83,43,13,51,24,18,51,16,55,100,67,77,59,49,63,83,15,91,81,67,20,77,66,66,79,46,65,63,90,79,18,7,66,19,26,10,95,6,90,84,87,32,97,31,8,12,75,9,66,73,4,62,94,66,42,8,77,53,62,85,20,8,100,100,48,77,64,36,8,9,98,21,69,55,57,66,88,24,24,29,18,93,28,97,91,53,8,27,16,39,71,16,29,48,52,63,69,88,54,39,26,47,70,78,4,74,55,43,77,17,37,84,85,15,81,65,9,77,54,89,44,17,59
k_123,36,72,64,96,63,4,2,8,74,48,54,70,9,99,54,35,59,33,97,39,85,22,19,5,63,82,92,23,36,91,60,73,45,11,24,39,86,83,81,31,24,57,79,69,4,45,65,5,60,51,94,99,3,74,72,33,43,95,54,79,25,69,40,55,97,6,68,2,21,25,100,63,17,45,69,84,69,34,64,46,89,12,87,7,95,72,52,75,37,79,96,86,60,56,95,11,38,97,46,14,35,75,73,80,1,78,3,28,5,39,18,95,96,52,37,15,51,19,100,100,28,24,20,26,25,61,81,87,15,89,18,76,39,53,25,78,45,9,83,59,18,69,98,91,12,55,85,69,97,24,64,31,49,26,36,95,28,87,48,15,35,41,11,32,91,71,94,82,3,34,52,63,37,34,24,51,93,61,43,65,70,54,6,95,94,10,82,30,89,23,43,32,46,40,18,29,1,68,78,1,51,73,48,41,54,91,81,27,27,99,69,28,45,59,46,9,61,68,42,65,65,97,20,76,38,73,77,41,10,63
k_124,11,27,70,71,93,74,38,45,93,5,11,72,43,30,73,86,19,59,43,38,68,86,7,31,14,66,93,84,68,23,68,71,75,24,91,54,80,15,15,86,70,96,52,1,48,100,38,32,33,19,87,44,67,69,74,10,81,77,15,89,55,85,19,95,86,94,19,27,64,71,33,46,71,88,39,78,12,70,85,24,85,28,79,8,26,6,38,68,25,94,32,75,83,79,24,23,67,9,60,24,62,70,32,6,14,35,60,41,11,87,37,78,32,14,60,54,54,16,69,87,64,92,28,70,17,60,93,17,35,62,45,70,16,52,48,97,27,35,89,30,46,17,47,15,8,38,92,1,100,6,39,44,45,20,13,64,100,33,28,81,3,20,74,1,92,45,84,4,81,48,37,12,84,1,34,18,72,58,59,65,47,50,24,29,19,16,58,18,100,40,73,47,9,81,89,26,87,88,51,23,8,1,82,84,81,21,76,79,9,94,18,49,20,89,96,67,55,83,81,94,48,29,48,5,99,73,86,67,28,42
k_125,20,41,61,10,43,26,69,83,61,100,100,46,91,32,26,14,9,75,62,72,7,3,19,42,10,71,22,81,59,49,80,88,56,42,61,17,96,28,94,37,67,56,93,84,88,69,21,96,84,62,55,82,80,48,22,65,5,88,13,33,31,61,48,39,65,59,56,71,47,46,69,5,12,6,91,80,14,52,99,36,3,54,19,4,31,66,67,58,49,14,61,26,61,56,29,68,51,1,87,47,13,81,48,6,68,29,80,89,14,50,84,9,56,7,31,32,71,57,95,21,53,47,9,79,70,16,85,71,56,10,64,73,36,81,66,16,94,27,2,35,92,32,64,1,16,71,42,28,75,28,86,32,33,81,60,66,39,75,31,75,87,60,65,24,60,30,44,82,10,86,38,100,8,56,17,23,19,75,92,100,16,66,4,37,79,36,93,27,34,27,79,86,62,13,70,52,12,27,41,95,98,18,93,78,2,62,28,99,41,71,98,34,32,35,30,87,80,94,68,2,89,33,22,73,13,18,95,60,76,52
k_126,20,99,94,43,89,61,83,6,31,1,2,36,94,71,95,18,94,11,99,60,82,65,13,23,71,37,38,78,77,8,17,29,73,72,3,67,57,33,34,60,56,79,56,93,83,66,77,53,59,62,88,53,81,6,86,15,50,3,61,86,72,27,4,81,72,16,67,93,5,3,28,48,76,28,98,88,38,84,6,62,43,45,28,18,79,2,34,46,20,48,1,5,37,30,2,49,4,79,39,81,15,44,64,53,75,62,84,40,72,42,6,97,19,40,22,12,84,72,27,10,6,11,6,38,98,9,28,46,69,58,76,74,48,9,35,55,58,19,55,3,80,97,23,93,86,63,95,94,74,30,11,88,52,31,38,6,79,11,81,21,37,88,78,24,39,32,36,35,77,88,25,51,34,13,57,55,84,99,61,55,22,59,83,97,8,17,62,36,71,68,68,40,16,32,33,83,77,61,70,29,59,58,41,84,20,51,86,14,77,37,34,92,15,54,15,41,77,53,73,94,21,55,43,48,24,68,25,22,30,63
k_127,77,9,46,16,74,2,63,54,53,47,41,91,17,95,53,20,16,32,68,75,10,19,3,71,34,38,64,24,94,19,44,39,57,63,12,36,22,96,49,89,45,98,44,95,100,30,90,43,14,97,89,99,22,78,27,4,68,65,14,22,15,7,23,86,9,59,66,47,75,2,20,75,6,66,40,28,91,39,68,85,2,84,40,65,26,16,70,54,75,33,29,99,66,39,11,6,79,76,11,59,49,16,91,68,17,51,60,21,7,6,32,41,98,85,26,16,94,69,48,68,86,35,42,30,98,47,29,49,51,32,9,56,47,48,27,58,46,14,18,47,24,66,68,89,72,99,70,24,34,34,87,19,95,93,75,77,46,57,60,31,95,36,62,76,58,100,81,74,73,65,24,33,15,22,80,75,35,5,72,88,91,32,82,49,75,52,5,31,33,48,18,44,18,76,14,18,56,72,2,6,25,85,64,53,71,10,86,76,23,100,4,34,11,92,20,70,35,84,35,71,29,47,88,55,97,29,1,93,96,88
k_128,87,6,75,100,27,47,78,36,3,53,95,31,53,60,99,22,34,63,75,93,40,81,28,33,34,85,84,99,72,7,100,75,45,65,84,93,10,61,6,59,85,32,72,39,53,7,95,40,85,31,91,85,49,58,3,93,82,43,92,9,59,42,53,54,73,16,55,47,13,31,28,54,48,64,87,33,27,17,20,26,93,2,19,23,36,28,32,99,13,19,24,13,50,42,2,4,49,11,68,20,4,34,63,96,100,1,23,53,32,43,77,42,33,28,73,17,43,62,23,92,63,51,43,64,70,75,56,34,2,89,25,89,6,89,62,96,53,17,100,17,71,28,74,31,12,98,37,2,43,79,75,99,59,35,84,17,96,20,3,20,12,78,31,6,97,57,98,76,31,3,76,26,93,15,70,57,58,17,58,14,73,4,94,71,34,95,48,16,81,43,68,7,44,56,75,6,40,84,21,62,59,85,46,19,83,81,57,60,43,70,68,85,78,54,48,16,72,5,77,91,74,2,54,86,8,75,47,4,69,53
k_129,22,56,49,67,8,63,60,41,12,50,70,100,3,47,78,37,64,49,7,41,28,81,96,4,23,89,26,42,22,69,80,22,30,26,31,96,7,2,73,88,2,81,15,12,71,41,80,79,68,87,57,19,69,17,51,84,36,45,74,14,94,12,69,97,28,71,11,19,19,93,13,51,53,10,24,96,79,97,40,41,82,45,59,24,95,94,47,24,36,75,60,62,47,19,93,65,76,53,56,48,19,37,49,74,100,55,17,49,84,51,11,37,48,71,58,60,97,16,87,63,96,27,77,7,57,34,95,56,18,94,74,12,33,83,41,34,21,13,82,38,1,53,35,79,65,36,19,8,21,78,57,58,82,46,22,45,32,89,1,28,45,93,84,36,48,23,59,94,27,48,13,91,51,86,71,48,20,78,65,34,1,89,91,6,21,79,69,6,2,61,25,31,96,14,46,79,49,77,37,31,98,40,3,52,50,76,70,3,8,65,78,21,56,96,65,85,65,5,28,19,36,74,71,4,42,48,45,37,56,56
k_130,19,16,52,93,15,30,25,80,17,60,69,64,80,85,48,73,71,32,98,13,41,15,81,38,10,85,17,16,89,10,84,27,86,73,31,5,99,48,97,80,39,9,87,8,39,73,23,53,71,11,61,36,74,49,10,38,65,42,27,35,55,50,94,2,1,45,64,17,24,14,47,97,94,86,6,6,12,56,25,64,68,32,84,52,46,15,33,49,12,67,43,44,97,47,91,76,51,18,71,84,77,52,40,67,78,48,95,100,57,67,1,28,44,60,52,4,21,81,11,63,50,25,33,67,42,19,85,47,20,32,19,55,5,68,4,99,11,33,62,10,21,47,59,45,41,67,68,25,22,13,97,78,84,19,42,37,94,56,37,53,54,98,21,26,15,46,93,74,59,5,71,78,23,9,53,77,31,18,13,78,36,44,63,95,58,30,76,54,42,28,27,38,7,82,73,79,26,67,1,62,28,96,71,11,40,85,32,68,95,21,9,89,6,78,41,63,7,26,73,93,76,97,52,4,46,82,26,54,12,4
k_131,9,90,61,31,43,27,39,86,24,70,48,86,29,72,41,37,15,98,97,84,85,44,12,29,61,37,5,78,25,36,34,44,48,17,71,21,3,54,63,29,62,89,20,39,15,15,25,48,55,6,6,45,7,71,88,2,44,24,60,64,29,59,36,44,30,23,96,80,87,90,63,73,36,35,64,74,68,64,76,44,99,70,53,63,33,67,70,89,55,41,43,3,22,49,9,27,9,1,92,1,70,52,51,43,30,38,59,33,81,20,56,37,10,87,78,32,38,66,27,36,90,99,45,36,1,57,26,20,16,72,71,47,93,1,27,85,75,39,38,71,61,24,53,34,39,81,63,43,72,49,43,37,98,34,60,20,50,74,95,12,70,48,66,72,21,91,30,66,38,49,47,100,34,44,85,8,10,30,17,75,2,84,26,3,41,35,54,2,75,83,2,35,80,34,26,55,26,12,20,46,73,59,100,22,78,46,85,25,12,59,77,63,58,60,33,27,67,3,12,67,91,77,8,61,48,1,15,75,18,63
k_132,87,68,62,47,77,33,67,73,11,54,7,84,22,76,17,31,58,2,68,6,99,33,75,33,96,20,46,62,69,29,67,33,63,85,43,4,96,79,94,63,37,53,100,90,35,36,64,78,98,87,96,91,42,89,33,38,20,62,6,43,85,19,14,15,34,52,62,28,69,6,77,18,90,59,36,5,13,87,26,68,82,86,51,56,70,82,25,91,98,41,81,3,29,96,41,90,97,13,76,75,4,76,54,73,27,43,81,7,58,25,17,49,3,95,52,49,39,51,28,39,52,47,75,24,62,48,17,26,42,26,83,4,63,43,20,81,32,38,40,19,11,56,40,18,66,62,69,69,86,41,17,60,36,93,4,24,27,24,34,86,21,42,64,53,99,98,76,36,45,77,42,51,59,69,77,20,54,31,31,10,45,31,51,6,85,48,89,95,14,99,42,41,13,38,21,28,1,63,54,11,35,100,40,97,98,27,21,39,56,90,10,34,83,32,78,96,96,60,29,89,97,4,14,29,63,59,5,42,17,4
k_133,70,90,63,76,3,38,85,97,82,32,81,5,62,91,82,33,41,72,38,100,21,13,82,14,34,28,16,69,54,58,47,76,46,68,23,61,6,95,11,40,80,12,37,19,38,23,69,54,77,61,9,33,74,18,78,82,3,29,11,43,72,33,61,52,4,88,34,51,18,37,45,64,77,80,62,100,100,13,73,5,78,26,46,96,87,65,19,15,24,39,15,94,70,6,68,81,72,68,84,51,55,44,36,18,58,95,34,47,98,30,16,23,81,77,54,35,53,30,38,87,52,25,90,100,21,36,21,11,87,36,65,71,53,86,2,64,100,91,54,61,12,36,57,32,36,93,97,27,72,63,33,64,15,41,14,61,13,81,83,21,89,20,95,97,3,33,37,32,35,59,16,78,75,77,34,25,36,82,66,23,77,25,50,89,59,11,66,90,51,36,2,33,47,5,77,67,37,61,77,63,57,9,61,56,4,24,52,28,26,53,36,27,28,61,9,29,34,49,41,88,39,30,48,6,94,77,32,43,67,10
k_134,81,100,38,48,20,23,47,30,22,67,89,99,4,13,43,88,78,46,21,4,76,81,68,27,73,75,48,50,77,56,55,56,21,23,59,66,96,27,46,62,58,25,47,90,54,88,72,95,80,10,79,63,23,13,11,49,33,64,43,100,2,6,82,54,55,4,20,91,59,41,92,15,89,46,7,38,31,62,90,75,22,45,22,27,21,87,82,64,87,72,76,42,64,56,83,100,36,31,7,22,80,88,56,56,75,10,42,41,34,88,28,59,40,86,34,35,3,6,21,29,83,94,63,52,6,58,13,71,100,62,46,54,42,9,24,10,86,22,71,35,17,55,80,89,56,62,82,25,67,96,31,48,11,50,76,76,94,73,31,90,53,80,76,13,12,49,50,69,58,48,54,11,61,8,12,30,99,86,78,83,99,35,28,51,51,79,13,45,91,23,79,3,90,33,39,22,6,76,70,19,73,51,92,23,28,60,68,100,75,5,51,70,8,78,91,67,13,16,54,87,59,1,47,70,20,64,71,20,48,11
k_135,70,46,18,5,50,36,50,2,76,50,40,73,58,69,21,33,6,12,35,83,4,29,62,4,58,60,27,90,63,42,97,48,62,39,98,38,96,73,79,68,97,40,65,41,96,82,64,4,38,54,70,76,71,11,96,26,82,20,76,63,98,19,11,39,44,6,62,22,88,67,30,90,26,51,55,95,28,59,49,50,17,52,22,13,5,29,64,18,9,92,34,21,25,29,80,76,83,71,61,59,83,44,74,100,61,64,66,21,31,61,97,82,7,88,77,45,62,26,4,38,60,46,19,4,12,45,53,48,13,11,57,79,15,89,85,100,92,25,78,7,72,73,7,85,81,91,1,28,95,57,1,55,1,12,96,9,16,7,75,97,35,56,63,24,58,76,13,78,42,72,44,77,48,9,33,11,58,89,44,98,70,84,85,13,98,66,6,85,83,82,34,69,44,78,87,78,2,20,67,78,51,73,67,39,11,9,67,12,89,35,92,43,43,79,32,56,75,96,73,58,76,83,38,91,48,77,97,48,92,47
k_136,49,69,40,39,56,89,66,70,76,86,60,69,10,45,61,57,53,58,58,67,62,9,95,49,62,7,38,50,17,30,72,35,23,22,67,13,60,57,8,37,28,51,26,19,69,49,83,68,30,2,29,42,12,22,75,29,77,81,32,10,12,37,4,2,74,5,36,19,90,29,21,21,78,94,56,10,91,33,81,54,21,64,47,100,24,76,86,49,3,97,20,95,30,27,48,71,97,55,92,56,53,3,86,30,68,49,28,40,47,12,46,40,38,19,72,68,90,34,29,4,98,35,61,68,52,46,5,62,18,46,55,49,88,89,10,64,91,89,18,94,61,30,62,46,51,29,37,71,95,85,94,91,57,29,35,33,11,31,37,10,13,54,47,74,4,81,41,88,95,100,75,85,16,21,10,51,4,41,84,15,42,36,81,29,43,55,24,25,80,24,1,71,31,2,22,65,93,37,70,11,98,38,4,34,83,22,56,41,82,82,34,9,79,49,19,72,48,72,17,79,27,13,8,35,73,38,55,27,16,52
k_137,75,76,15,75,28,75,47,100,42,77,54,82,48,87,84,13,93,43,43,61,15,41,10,44,86,55,83,66,70,90,25,49,40,1,32,65,68,69,39,81,47,12,58,46,76,98,74,52,73,15,69,98,71,36,8,47,60,21,78,45,29,56,96,3,31,66,42,85,40,9,13,8,29,84,39,61,82,48,25,39,21,49,72,31,33,53,73,57,71,25,60,6,51,79,1,62,72,84,94,85,27,6,4,89,82,88,28,81,67,41,94,51,2,76,100,88,18,51,26,13,5,19,34,50,59,35,36,69,98,95,82,73,2,56,33,85,81,73,71,42,74,9,39,36,87,22,69,43,74,77,48,1,35,51,43,71,46,63,96,100,60,15,55,35,84,72,92,49,22,24,98,92,32,98,63,43,78,53,51,32,75,68,8,48,66,29,37,1,7,69,63,91,54,72,86,19,7,36,25,82,65,83,18,47,7,4,41,27,44,55,38,25,52,98,39,44,51,7,50,67,55,26,36,29,89,95,64,89,47,56
k_138,76,2,54,59,80,27,80,2,66,21,96,5,21,83,87,36,58,56,88,81,95,67,83,16,64,20,25,31,35,25,87,20,40,5,46,97,96,59,87,83,7,40,37,78,50,69,49,85,16,68,13,2,4,14,71,29,46,27,11,68,59,15,84,11,69,5,37,63,23,97,88,9,41,86,42,40,18,91,77,77,71,6,55,73,32,58,35,23,96,49,64,29,74,58,7,39,61,51,85,59,24,42,88,41,62,42,53,23,92,70,12,31,94,60,28,47,95,36,92,78,44,42,40,71,52,47,81,66,18,85,45,45,45,57,90,58,77,89,6,45,32,3,50,90,30,86,54,18,26,40,74,68,76,71,53,17,19,88,24,3,83,14,25,59,65,30,17,82,49,66,96,19,48,14,26,37,58,30,47,80,54,91,90,20,78,7,45,46,57,40,57,36,56,26,87,30,14,74,37,32,89,99,31,12,23,52,44,3,37,21,92,100,86,41,36,74,37,13,29,33,31,14,97,45,39,24,81,15,6,89
k_139,41,20,84,89,97,19,50,9,14,82,34,36,28,67,71,92,72,7,93,7,14,3,26,4,81,71,61,68,87,32,53,5,21,85,50,64,1,63,98,61,88,3,30,6,53,84,40,70,63,73,15,98,90,63,70,63,60,61,30,92,18,77,21,47,5,68,3,99,57,41,8,79,97,63,22,50,78,92,52,3,18,48,84,8,43,89,45,40,65,67,74,66,100,74,28,61,19,65,80,70,50,31,32,27,44,80,59,14,12,29,91,26,77,56,98,17,58,73,88,30,71,92,3,8,13,65,78,100,95,57,75,86,3,79,67,25,50,15,93,60,23,37,8,16,99,62,57,79,21,100,70,52,71,33,72,7,43,80,18,28,94,37,56,75,14,33,65,77,33,55,66,97,89,30,52,75,41,58,95,87,95,78,48,61,89,46,53,19,14,100,95,48,35,11,23,27,74,98,16,74,7,52,59,96,38,100,44,93,60,76,47,76,71,51,21,98,42,2,41,4,95,96,21,28,97,97,22,22,87,41
k_140,98,96,86,49,34,82,51,71,90,71,96,7,45,24,72,84,55,67,63,51,100,57,74,28,59,94,50,54,70,45,33,26,38,43,72,18,67,98,89,70,73,13,76,8,9,27,44,75,16,75,62,22,15,19,10,78,74,95,60,64,19,22,46,84,1,28,100,69,21,13,20,24,26,85,84,80,82,61,72,57,83,46,45,61,81,3,92,76,63,19,31,6,4,14,29,47,40,88,76,98,17,54,67,94,32,18,74,52,10,84,77,70,17,44,7,57,77,26,52,86,77,11,26,89,10,24,98,86,1,43,96,86,66,27,49,52,40,64,17,36,100,69,65,57,93,49,53,15,81,37,92,26,54,36,18,20,92,79,28,78,78,72,29,75,28,84,13,30,53,95,48,22,86,15,71,66,21,2,3,2,21,42,98,24,23,55,1,41,54,16,51,41,32,71,37,95,64,80,34,91,1,38,87,87,48,92,32,34,77,3,95,4,53,68,89,45,57,1,71,76,89,17,89,61,67,70,72,84,48,40
k_141,88,92,57,5,47,100,20,77,50,35,6,87,14,61,14,47,74,26,49,11,68,89,72,43,41,95,47,88,38,98,18,99,95,34,98,39,32,91,24,88,35,75,79,77,53,89,27,22,56,19,25,47,79,33,92,27,7,3,34,97,3,85,100,56,55,62,39,18,9,50,6,51,84,39,36,62,12,77,4,72,8,13,47,28,19,28,58,74,34,90,88,57,79,68,70,81,5,64,87,57,62,88,78,100,63,34,5,21,62,6,53,83,60,66,75,18,95,43,35,57,64,79,33,96,27,70,21,69,58,99,97,66,13,11,21,57,56,31,76,25,56,20,29,82,41,30,82,36,26,32,86,94,30,96,70,72,2,81,19,8,19,79,39,16,89,16,60,96,33,76,83,30,52,98,50,38,6,26,55,97,91,16,8,52,61,54,86,37,32,12,31,1,34,43,100,93,45,90,16,1,33,22,47,94,76,29,28,96,75,74,4,66,87,26,19,2,97,83,29,48,51,33,36,2,46,21,71,41,89,39
k_142,75,32,15,46,75,26,26,19,13,98,71,83,25,78,12,37,63,11,58,82,28,31,27,30,71,17,68,42,75,46,53,50,61,66,2,28,88,40,27,74,21,70,66,49,93,75,61,10,65,8,5,36,12,52,85,55,39,71,98,24,72,25,53,81,1,47,33,93,90,80,58,55,75,22,99,33,78,85,71,93,5,71,35,24,30,47,53,90,3,29,10,50,54,98,59,48,39,88,39,17,89,65,21,94,83,91,61,58,30,16,56,66,30,20,44,98,11,57,64,74,40,75,27,74,7,95,80,21,28,43,6,100,12,66,47,34,73,14,2,29,40,85,44,82,12,87,57,74,98,36,18,61,90,30,52,77,9,81,91,5,60,57,20,50,97,70,85,47,36,84,84,96,35,59,39,54,40,53,1,81,47,83,39,67,71,29,71,13,34,5,28,36,52,10,20,28,42,41,23,2,53,16,16,16,9,78,36,28,15,23,50,30,26,35,53,57,49,55,34,82,29,92,32,14,82,51,78,27,7,10
k_143,69,78,79,73,81,68,75,71,26,71,51,53,47,51,92,28,47,55,31,14,79,86,85,2,53,2,5,66,62,87,66,46,42,49,70,75,46,76,63,83,19,99,94,12,72,39,29,81,41,82,37,81,83,91,55,36,71,51,38,37,19,10,62,59,26,63,1,89,23,28,76,2,89,95,29,60,17,75,5,47,85,6,41,59,95,92,44,38,40,41,42,2,28,8,47,30,13,31,60,9,78,33,6,85,15,43,5,16,70,94,47,32,49,75,39,9,82,100,91,23,2,71,70,63,8,46,5,93,11,76,20,94,74,92,71,75,30,85,78,14,32,38,52,27,41,84,10,17,36,46,10,67,58,42,64,19,49,20,18,88,54,28,31,85,83,51,98,53,57,53,96,78,31,10,37,60,59,16,30,12,45,34,93,78,96,34,43,15,28,14,36,93,44,48,55,62,18,18,30,64,70,99,45,6,7,20,83,13,58,1,55,53,97,28,40,4,79,23,44,49,44,48,10,65,65,65,30,44,7,74
k_144,94,76,5,29,94,55,93,28,78,95,3,11,40,66,15,36,84,90,28,45,72,72,70,49,78,68,24,40,6,7,32,21,22,88,1,35,67,10,82,17,4,54,97,40,27,96,95,63,35,31,18,70,75,85,67,16,24,71,84,53,20,91,71,51,61,51,9,93,47,66,53,26,40,60,74,9,81,80,73,92,71,79,22,26,31,2,57,2,8,88,7,27,66,72,3,86,41,43,9,5,72,53,78,85,21,54,3,48,20,14,22,27,51,63,37,80,4,46,80,86,100,12,58,57,35,89,59,1,60,26,46,78,45,73,19,4,50,94,69,79,75,95,18,17,8,52,98,83,13,72,42,73,6,27,66,48,78,51,72,53,24,91,33,24,96,4,44,38,38,22,15,41,75,77,91,30,88,82,55,56,99,95,12,49,82,40,44,97,22,42,59,36,91,42,89,88,19,38,45,23,82,40,36,51,43,26,93,50,51,65,11,78,70,35,71,65,88,73,48,6,57,94,22,7,66,7,30,81,89,90
k_145,73,72,40,52,27,8,98,99,84,29,42,87,3,47,44,84,39,7,89,34,15,11,71,99,11,57,72,45,50,9,85,9,11,68,3,67,13,28,51,65,59,66,12,87,23,50,86,52,47,28,32,16,97,67,89,43,32,24,39,33,24,18,40,31,32,96,98,87,35,16,66,32,38,38,100,86,38,7,100,60,1,2,36,49,75,60,36,25,76,15,29,63,3,21,61,45,91,21,5,9,81,93,72,35,13,57,43,44,16,24,32,65,58,88,40,70,58,88,82,48,42,46,33,68,87,92,80,64,48,94,99,71,77,42,73,21,97,100,35,19,54,44,10,24,7,14,66,91,82,9,8,61,43,52,20,84,39,50,24,63,28,4,41,5,52,33,12,19,5,64,92,54,38,43,80,53,15,9,18,51,84,16,54,61,94,63,18,67,98,45,95,54,15,86,31,66,2,32,44,7,13,14,92,84,69,43,49,69,62,50,100,92,30,78,98,40,97,90,66,55,56,58,95,30,21,70,74,41,86,46
k_146,17,44,81,40,65,37,81,70,86,86,13,89,74,38,40,20,16,38,12,64,59,61,92,22,78,28,90,64,84,11,80,13,91,72,55,56,7,5,49,72,2,40,84,36,11,46,1,94,45,90,14,39,30,38,85,34,99,27,36,55,75,50,96,53,11,45,26,48,35,100,89,98,24,54,98,89,28,56,21,17,89,46,92,87,9,17,95,67,24,84,98,22,59,50,93,35,29,44,74,66,71,36,17,55,73,83,97,32,11,70,24,46,96,6,27,96,45,27,95,63,27,48,61,66,69,62,90,99,5,1,70,79,26,62,31,68,94,25,88,84,33,55,29,53,40,81,69,99,89,100,64,36,56,89,2,80,20,34,82,18,21,80,97,96,39,50,84,52,37,28,58,100,26,87,23,16,3,58,32,70,81,79,81,72,96,82,95,51,31,31,91,71,24,59,55,26,76,13,65,97,58,84,31,2,45,48,63,68,46,36,33,47,14,24,22,38,5,31,65,92,69,30,76,49,98,72,82,62,19,11
k_147,9,84,44,19,35,11,11,16,92,95,48,49,73,88,98,67,71,67,65,6,12,78,1,90,89,19,3,1,59,100,36,4,33,88,6,77,50,8,21,23,87,72,95,10,29,35,23,95,98,14,4,63,72,2,53,71,98,40,78,60,76,32,100,100,3,13,55,66,17,17,100,91,39,21,20,29,55,32,65,87,93,70,8,8,9,36,9,98,40,93,77,65,60,12,11,73,46,23,54,46,93,25,67,74,1,29,72,29,96,80,34,43,87,74,25,72,14,91,65,72,27,39,70,17,79,93,23,71,21,41,66,94,46,11,18,68,84,92,19,36,74,79,27,7,96,5,98,6,9,81,88,15,96,59,47,81,2,81,89,45,55,19,71,1,8,35,47,2,11,65,81,1,27,3,8,27,37,37,41,33,63,51,56,29,75,42,81,95,77,15,53,22,80,97,61,12,100,97,62,46,26,82,80,43,67,50,77,15,85,25,50,61,20,61,21,54,52,48,85,70,87,29,2,4,16,64,67,81,24,93
k_148,34,35,55,20,49,26,16,82,78,27,81,79,10,43,11,8,48,69,60,91,34,88,37,90,72,70,10,85,91,89,53,33,93,32,84,31,41,62,7,29,36,27,38,77,38,98,34,10,31,41,45,99,24,28,94,22,65,30,62,92,88,66,21,79,72,99,36,17,39,71,81,86,26,29,44,68,92,86,3,15,86,68,38,58,86,79,53,52,88,76,47,2,1,89,65,2,80,45,30,47,97,78,17,97,56,42,35,45,48,34,70,21,23,41,48,64,2,3,3,38,39,15,49,94,9,25,70,82,1,47,51,65,25,54,62,22,20,7,17,73,97,80,36,70,48,31,73,19,5,47,56,98,23,79,86,66,59,71,40,82,78,61,21,87,21,7,37,16,87,28,21,73,94,11,11,47,91,29,93,16,25,65,87,93,4,34,25,74,74,12,36,100,80,76,45,69,11,53,44,11,81,5,56,85,4,61,42,52,62,44,94,84,32,25,13,79,98,16,59,74,95,72,11,64,43,32,28,26,74,89
k_149,19,83,36,16,74,94,32,66,27,89,40,37,7,17,72,31,8,75,45,68,75,58,47,69,47,33,81,8,83,80,30,45,81,37,28,65,99,2,48,66,67,92,8,9,31,19,22,54,92,92,54,29,1,53,86,61,32,98,63,8,16,89,83,79,15,76,5,8,62,65,35,68,13,1,3,85,74,49,67,63,26,29,13,47,63,81,62,78,73,52,50,79,5,68,72,46,93,23,72,52,23,76,16,92,70,27,89,15,33,17,70,100,91,5,7,79,11,40,56,22,72,20,63,58,95,60,36,70,76,78,36,89,4,26,46,69,4,28,94,97,38,5,43,19,29,93,81,41,20,37,73,3,8,16,16,83,73,97,83,47,94,66,93,58,82,86,43,26,94,17,15,77,34,51,37,75,8,34,23,66,76,85,89,75,48,85,5,16,14,24,68,60,73,76,34,25,15,39,68,67,38,67,7,59,18,26,73,50,69,78,30,61,3,39,4,44,21,45,72,80,31,37,42,57,17,84,86,42,35,77
k_150,85,16,23,60,87,73,51,50,35,45,76,65,56,19,62,1,54,52,43,24,57,13,78,82,28,55,53,83,13,13,28,35,46,29,68,30,97,13,91,15,98,99,4,69,34,30,83,80,94,74,82,74,52,91,93,70,27,69,39,18,79,70,1,21,32,91,79,84,20,99,47,50,5,42,34,45,89,99,78,31,4,28,43,59,46,64,47,64,7,56,75,12,38,34,34,13,27,58,50,84,8,61,35,22,1,26,23,17,97,29,63,50,65,57,78,49,88,83,44,55,45,42,45,12,9,78,98,95,88,95,19,31,2,9,24,71,58,4,57,48,77,29,99,82,7,26,50,94,61,18,52,68,38,82,65,62,3,22,84,33,88,97,89,70,47,78,31,64,40,42,81,76,25,42,57,81,51,24,42,38,60,34,63,39,62,44,74,66,92,74,61,2,98,48,58,55,96,30,33,63,70,73,22,61,71,7,3,37,51,20,38,58,23,50,74,43,55,55,57,62,79,35,32,4,81,3,49,100,40,100
k_151,27,48,36,48,20,61,19,95,15,40,86,47,3,47,31,88,48,74,50,2,91,11,70,35,28,93,8,31,38,62,89,82,54,7,30,21,84,46,81,57,43,18,8,22,50,3,44,91,84,64,41,19,26,63,81,17,36,84,45,87,16,89,46,13,97,8,32,98,7,53,36,14,31,12,18,57,39,17,25,25,54,38,73,13,91,9,14,20,13,36,10,90,68,18,84,10,30,8,13,7,75,8,74,19,63,99,38,10,34,100,95,19,26,59,32,20,15,83,21,99,13,38,99,15,73,24,54,84,38,69,76,30,41,31,3,52,72,33,29,62,85,73,88,28,10,54,53,13,35,57,49,86,87,6,100,74,32,87,32,98,87,45,57,45,33,37,99,20,61,96,72,53,76,57,7,79,67,100,96,88,30,81,98,92,34,71,71,31,52,87,40,71,43,38,50,31,72,27,6,56,55,50,20,62,75,30,53,30,19,69,45,30,86,80,86,89,17,14,42,44,71,60,84,26,34,70,9,50,1,73
k_152,19,48,39,99,96,95,98,77,20,84,81,64,56,4,91,53,24,80,73,34,25,13,19,98,98,66,46,89,32,99,53,28,44,86,27,100,53,32,41,55,6,31,45,32,98,68,8,5,29,46,77,95,44,63,43,44,71,41,8,43,61,73,78,90,22,54,15,14,36,76,83,76,55,27,40,16,36,6,71,10,53,69,67,12,29,57,38,75,72,75,77,46,20,42,53,50,30,94,15,81,69,71,65,79,2,18,14,6,7,61,53,99,66,48,30,4,3,79,98,53,77,93,13,65,50,82,87,78,39,57,87,76,70,13,42,86,86,30,58,10,70,69,87,49,61,99,53,26,30,31,32,64,14,91,27,39,42,82,74,16,79,62,55,93,19,37,4,68,85,20,38,99,58,87,29,20,39,70,71,11,29,3,35,13,36,50,50,28,16,71,42,72,96,73,78,55,31,46,26,64,9,59,10,94,74,16,77,52,94,20,80,9,66,54,27,96,52,76,95,5,71,69,57,25,59,19,46,9,2,65
k_153,7,48,33,9,36,13,9,33,99,55,33,95,66,85,35,22,33,24,49,64,62,77,80,69,59,14,76,74,33,55,89,34,57,25,61,51,2,97,30,71,73,88,12,59,65,16,35,63,26,40,87,52,88,60,95,47,93,74,60,32,40,42,18,59,51,22,39,92,23,34,57,99,46,40,12,44,90,17,28,53,91,40,85,82,10,68,17,29,60,83,19,7,28,55,40,51,99,37,74,21,30,93,77,69,15,45,68,73,42,28,39,42,87,48,55,33,33,45,70,98,79,20,74,70,25,24,22,3,79,87,56,28,94,93,50,6,33,98,88,45,59,54,63,93,50,80,99,15,50,50,88,25,38,76,36,52,94,51,68,87,79,3,38,67,10,87,100,12,81,85,75,6,66,41,98,23,95,54,77,27,98,69,32,21,43,35,18,63,50,1,43,82,60,60,33,58,43,34,1,79,68,69,54,64,12,27,1,88,61,96,14,38,73,97,26,27,35,13,9,38,89,20,2,11,10,78,93,81,14,54
k_154,90,21,84,18,27,45,31,33,61,70,94,37,69,100,29,60,94,12,97,4,1,55,27,68,9,41,96,42,12,85,84,23,7,29,55,71,77,53,23,61,93,9,24,97,3,26,73,2,34,55,67,97,72,55,50,1,41,56,86,97,81,54,14,6,72,18,40,9,2,56,91,11,40,35,95,65,96,75,23,85,66,79,69,27,41,78,20,53,84,23,57,98,43,39,89,82,41,61,31,50,55,22,77,61,44,96,86,68,22,12,60,23,81,98,81,82,53,4,11,15,59,61,63,21,72,31,37,45,91,50,52,9,22,4,76,49,75,79,88,68,26,80,97,80,19,28,93,76,29,11,8,26,14,13,53,48,51,66,89,2,55,92,10,97,33,81,36,2,70,73,6,66,3,100,28,4,94,64,23,4,15,18,76,18,45,20,85,92,80,7,85,12,34,28,91,59,69,82,48,52,52,65,57,46,27,8,74,65,42,8,38,65,44,63,90,37,83,71,30,38,74,31,96,16,99,96,53,54,68,17
k_155,25,3,15,26,23,35,100,12,8,34,4,37,36,26,47,4,98,61,51,68,13,95,67,7,73,32,64,39,77,18,90,10,6,42,54,72,42,62,31,12,34,57,51,25,60,41,47,22,42,76,87,10,68,57,47,54,26,26,23,25,98,76,47,26,77,33,67,83,84,46,69,40,60,33,85,83,81,17,23,93,81,38,67,97,95,62,6,24,30,32,28,79,52,45,25,99,5,29,37,32,34,68,21,35,81,97,10,90,29,88,83,34,75,68,33,31,59,50,26,18,93,78,95,1,28,57,89,30,94,64,93,71,30,81,66,10,51,47,53,11,4,90,92,6,54,9,30,35,51,17,26,18,99,64,47,2,23,16,71,78,3,58,91,19,81,3,29,85,54,1,91,66,70,45,24,54,61,30,30,77,78,83,76,23,32,79,78,69,98,61,91,17,45,96,4,21,14,59,52,38,28,11,45,4,88,3,48,84,29,63,70,20,8,56,68,90,84,85,50,23,72,47,25,48,85,64,34,89,29,33
k_156,31,85,68,64,57,27,43,42,44,45,4,33,38,66,93,51,83,81,75,8,27,97,99,99,2,77,19,2,56,93,13,86,60,26,24,82,10,75,78,27,39,71,14,2,10,22,78,4,3,43,20,11,11,100,28,88,52,75,10,17,68,38,22,68,100,59,24,74,79,1,94,72,23,38,92,92,93,31,25,77,53,100,30,75,53,69,23,72,68,1,42,64,93,97,95,82,43,20,76,52,24,3,82,5,31,76,61,49,60,85,48,73,58,58,3,98,94,5,96,33,91,51,49,51,70,96,78,74,66,67,54,28,32,95,98,27,87,56,36,50,83,36,97,72,29,72,13,25,97,94,12,1,34,65,60,83,95,30,88,38,86,100,13,42,58,26,61,54,53,19,62,54,29,87,35,94,6,21,100,89,50,42,91,100,65,79,73,41,42,63,40,54,86,68,70,62,52,94,60,1,70,16,49,11,38,89,38,27,41,99,4,28,51,94,30,39,90,12,82,98,23,16,19,96,39,83,49,9,6,45
k_157,4,90,28,93,18,56,88,54,14,42,100,81,69,55,33,83,73,28,40,33,43,72,63,95,6,46,2,4,76,7,68,64,85,30,1,77,70,9,17,77,37,28,37,60,66,57,63,53,53,93,34,16,25,69,15,44,70,60,37,100,15,73,20,77,35,6,99,20,25,42,62,37,98,82,27,32,27,20,22,23,82,73,53,54,19,41,29,42,44,7,48,48,3,55,46,69,53,67,7,57,87,60,48,20,26,45,91,3,64,31,54,31,73,51,13,76,58,7,9,92,35,11,64,55,47,16,100,98,52,85,79,31,66,25,32,19,46,70,47,74,66,55,89,83,46,47,14,55,58,54,85,62,26,38,77,93,26,37,32,19,11,84,14,100,66,37,74,58,48,63,12,73,72,54,50,47,82,92,30,30,64,70,29,98,34,99,13,75,43,17,23,63,85,51,97,2,20,63,84,72,100,23,67,50,74,67,89,36,84,35,30,16,76,97,4,77,42,35,72,88,99,18,95,23,31,61,11,98,39,66
k_158,45,65,83,71,68,91,90,27,12,30,90,64,22,46,21,18,86,56,100,40,45,15,76,38,28,94,1,36,26,41,87,61,7,4,91,94,19,94,100,67,13,59,82,38,1,12,12,49,38,28,79,72,24,22,79,73,56,69,74,2,24,27,54,89,4,16,70,2,93,78,65,68,9,41,54,12,81,39,48,16,83,82,10,51,44,13,48,68,61,42,66,86,78,66,99,93,46,58,84,9,25,52,49,79,46,55,89,68,45,14,24,15,98,95,57,93,43,44,28,77,2,52,85,87,83,74,12,25,13,94,21,34,52,93,82,44,54,65,42,22,77,52,1,75,79,97,73,82,46,17,22,29,30,20,11,28,72,16,34,50,54,44,68,23,53,20,22,53,31,91,98,62,32,5,44,96,30,26,92,50,80,88,69,90,2,9,95,93,10,50,35,41,3,78,48,75,31,6,98,89,85,33,18,93,35,44,47,78,52,52,72,71,37,24,9,74,23,88,40,79,7,57,50,29,84,99,72,45,77,57
k_159,89,93,99,70,57,52,45,71,59,54,36,37,49,58,16,98,3,83,9,35,33,98,55,36,72,8,44,47,69,98,35,91,58,90,43,13,30,100,56,9,50,92,74,18,43,90,3,47,28,32,88,64,65,47,39,12,83,44,80,100,65,61,59,13,57,18,76,17,66,9,65,37,59,97,85,38,35,17,55,15,73,21,40,8,23,29,27,5,94,79,43,17,93,71,6,27,26,42,25,84,61,16,98,76,3,4,51,35,19,67,100,57,68,28,87,1,88,67,43,1,26,21,62,47,5,32,92,81,15,97,100,55,47,72,30,87,28,81,46,5,93,51,71,3,77,91,96,32,63,100,23,69,9,93,7,15,4,63,18,5,29,85,40,87,37,74,15,8,80,35,35,66,22,65,21,35,24,52,28,64,89,58,29,81,64,53,79,80,13,12,49,3,36,3,19,27,4,3,65,34,16,83,100,13,47,4,4,84,85,38,20,8,51,51,48,56,1,85,46,40,73,26,20,25,36,73,75,57,35,42
k_160,10,81,47,36,54,36,90,26,88,85,81,34,55,33,60,81,40,99,21,99,69,71,54,62,73,16,41,58,38,80,95,59,19,93,6,13,14,57,71,48,51,44,24,92,54,5,76,35,89,53,41,83,29,23,62,44,81,19,50,70,42,71,42,16,14,26,23,24,98,18,56,43,56,4,68,96,60,13,79,96,57,100,53,18,46,13,57,72,23,55,40,69,95,8,36,21,13,6,5,33,66,59,6,94,1,72,9,22,80,26,24,89,17,41,67,66,4,66,41,90,85,73,84,10,25,13,77,1,44,14,62,45,69,65,34,11,9,8,64,8,30,47,26,19,49,79,79,65,68,30,72,91,45,36,80,99,56,14,63,20,47,13,96,56,14,44,1,40,59,73,37,25,85,53,7,71,7,44,80,60,75,49,90,13,26,82,29,98,80,22,29,63,9,13,39,89,43,67,79,98,13,79,82,33,14,96,13,64,44,88,100,59,89,35,40,44,4,53,96,100,68,98,69,44,52,31,96,57,95,62
k_161,73,27,2,88,62,48,3,18,18,8,33,23,24,72,8,95,34,27,59,37,29,15,13,53,65,15,76,65,59,83,89,25,88,36,66,51,30,60,81,66,87,27,25,77,38,79,48,56,33,1,82,52,32,79,21,79,57,85,67,28,94,39,93,63,54,56,58,91,77,12,2,84,86,19,29,45,67,99,87,60,2,72,7,5,8,44,89,83,15,94,80,69,54,5,11,16,7,2,98,42,97,41,96,13,3,78,37,24,69,2,66,64,39,7,72,87,29,23,12,70,13,70,18,29,88,36,77,83,19,83,43,6,2,42,88,44,81,11,33,76,92,8,79,35,65,9,55,60,43,40,95,52,22,47,50,6,43,88,40,87,7,90,40,36,8,71,53,54,48,29,31,85,66,69,61,16,16,9,49,21,89,21,65,99,97,76,55,60,66,92,30,29,5,69,62,37,23,31,4,5,1,20,41,20,75,12,48,6,76,10,84,86,6,71,12,56,54,66,74,2,33,62,31,56,90,1,16,76,74,71
k_162,53,65,19,15,83,76,77,66,80,84,13,7,54,96,48,36,76,60,93,24,18,64,25,87,21,98,98,43,3,48,65,71,48,100,52,34,54,22,10,13,98,34,31,24,88,3,43,47,99,62,58,62,18,15,9,23,53,84,1,54,57,33,69,69,42,92,53,41,48,38,29,35,40,94,31,90,52,49,12,45,39,38,90,18,2,21,31,99,91,93,100,1,13,42,42,86,88,45,97,26,94,53,86,53,51,3,94,4,38,17,93,41,83,63,95,44,30,66,70,5,84,78,39,21,53,7,74,38,16,51,88,92,87,34,89,76,5,99,30,52,11,96,63,11,95,31,12,86,54,46,79,52,86,58,24,37,84,16,98,72,12,92,96,1,43,13,67,78,2,68,63,12,24,2,64,5,19,10,22,40,77,32,3,37,82,48,7,94,28,17,34,45,58,41,93,71,63,16,60,56,56,71,74,84,45,89,49,78,69,80,53,49,2,63,26,45,48,99,76,72,49,57,19,2,42,39,78,27,57,45
k_163,82,93,37,32,96,96,69,23,56,43,53,14,95,28,89,13,24,72,83,23,35,23,100,77,20,2,70,97,78,99,6,13,39,33,36,95,50,26,61,39,9,78,29,36,17,69,48,24,79,63,78,56,85,44,3,39,42,55,87,45,33,16,75,35,38,41,51,70,49,13,43,42,75,15,45,59,70,91,74,41,61,82,78,4,67,80,94,96,22,2,52,93,91,89,14,14,91,19,34,61,51,46,81,94,90,79,24,49,88,6,67,39,49,96,32,47,81,29,1,85,15,2,100,77,47,15,53,5,70,38,21,67,78,27,64,88,88,7,4,7,12,25,45,33,55,28,28,84,56,89,15,27,72,48,43,50,17,27,57,28,92,54,73,75,95,84,43,37,82,52,65,62,46,46,91,28,43,42,30,70,36,63,26,54,73,47,70,67,52,27,41,44,8,20,34,20,20,58,67,38,67,15,2,21,69,38,15,66,82,2,57,66,34,88,98,85,59,38,92,43,41,93,3,97,13,28,96,39,55,50
k_164,25,89,29,99,20,49,43,15,20,51,42,91,43,53,61,61,53,21,49,4,17,79,12,94,45,72,77,7,3,6,75,43,1,4,69,86,49,7,79,19,64,62,35,56,56,44,28,100,7,31,52,1,18,74,27,82,20,44,57,16,68,18,31,42,70,6,55,71,89,99,12,74,92,84,18,33,73,40,73,36,14,44,20,61,20,34,12,77,90,69,72,17,9,32,59,49,17,5,12,58,43,17,67,63,51,2,72,16,3,16,33,48,10,40,82,81,78,32,38,99,85,28,37,70,28,20,67,15,98,62,34,86,36,85,39,19,18,29,86,96,90,35,20,10,91,41,5,39,16,23,12,49,81,82,75,73,45,7,14,6,98,66,33,96,47,34,36,99,14,21,98,69,14,9,79,64,79,43,70,92,8,84,87,78,48,88,31,32,100,94,49,47,70,24,78,10,79,23,79,87,27,33,68,96,43,24,97,65,21,92,80,78,99,17,23,65,63,99,100,63,58,51,34,95,17,60,90,71,74,45
k_165,35,47,49,34,33,47,12,53,90,18,56,49,42,98,29,5,22,24,81,46,2,2,44,9,64,55,14,2,79,97,86,35,41,27,49,76,88,24,45,23,19,26,82,27,99,92,59,46,31,16,76,43,28,32,12,85,33,51,36,82,97,57,16,14,62,100,25,79,71,35,57,30,30,36,77,47,12,35,18,35,93,71,54,66,52,25,38,7,71,16,29,75,42,2,50,97,55,97,44,25,71,100,14,55,52,99,26,3,86,24,6,27,16,6,70,80,64,6,18,22,34,65,69,44,19,26,87,90,93,2,5,92,47,42,71,52,56,35,73,11,36,80,82,71,19,53,1,8,25,26,96,99,62,69,42,95,23,41,60,20,20,81,17,38,67,71,47,1,35,11,90,21,59,92,7,68,4,100,8,22,17,79,26,10,81,14,58,53,4,44,21,25,19,98,15,76,59,15,2,66,46,8,86,100,20,28,77,58,83,44,56,66,69,17,19,37,60,87,23,36,43,13,27,95,35,94,77,3,87,22
k_166,38,4,69,84,75,72,93,78,85,13,40,53,47,100,17,55,97,95,12,4,85,41,49,21,87,79,77,17,99,39,43,32,24,38,98,9,96,88,36,6,26,41,95,76,92,92,91,56,13,84,75,65,72,99,77,27,84,90,42,12,82,54,35,15,39,94,21,100,68,30,48,10,7,93,58,77,89,34,45,68,61,9,54,56,95,44,89,23,70,81,33,53,3,31,96,98,82,58,16,99,5,6,46,56,75,24,39,69,8,84,46,7,44,50,92,79,60,48,99,20,56,21,44,89,87,99,95,39,84,91,10,17,99,70,70,56,9,20,69,48,79,21,38,72,45,22,42,46,75,84,55,97,78,97,93,10,11,22,88,45,92,23,61,72,52,81,63,16,56,15,91,85,4,83,8,97,79,17,26,5,70,6,58,21,87,42,35,28,84,10,82,35,81,35,48,42,55,66,53,21,92,14,43,5,12,5,2,68,41,53,58,2,77,66,21,56,2,78,31,94,35,95,46,49,95,55,22,76,32,28
k_167,70,43,1,28,80,27,83,81,78,6,8,55,41,28,6,10,89,76,70,19,44,81,7,36,92,92,40,51,38,26,36,41,42,9,79,75,19,9,13,42,20,80,12,49,23,99,92,28,79,87,91,47,42,91,65,94,77,33,80,87,27,87,29,95,29,73,31,26,36,28,13,38,20,21,43,40,55,91,18,66,55,57,61,28,72,20,51,47,27,64,100,69,33,58,93,99,77,76,20,90,82,65,52,15,24,9,57,33,10,54,93,77,91,97,80,17,10,37,34,84,3,1,27,28,27,96,67,60,86,24,14,35,31,80,92,59,70,19,55,97,59,41,32,11,10,29,28,94,83,36,83,36,5,92,29,60,15,82,95,24,17,69,70,7,16,44,13,40,37,67,63,88,49,52,50,72,58,48,1,51,86,79,27,22,12,6,41,73,80,54,62,60,88,24,52,59,70,45,85,89,21,47,28,77,14,94,33,8,20,5,84,51,99,42,33,36,27,9,47,56,92,62,22,99,58,65,23,80,69,98
k_168,8,36,31,95,7,90,15,83,31,20,32,13,98,9,14,60,66,56,100,65,28,87,3,66,72,21,78,6,82,68,53,69,41,26,82,72,32,82,56,16,16,58,90,27,57,7,27,16,29,81,90,26,3,3,99,65,71,53,49,86,94,97,85,38,79,42,11,95,55,95,90,23,83,25,15,90,49,43,38,15,94,87,42,56,4,55,98,23,80,7,41,31,68,77,64,35,20,10,32,55,72,77,53,87,89,11,56,31,3,64,79,57,1,42,41,69,13,75,83,46,10,99,72,1,44,21,88,5,93,57,42,88,43,95,84,54,79,30,40,58,28,90,30,52,4,74,28,11,64,60,11,18,72,91,81,64,47,56,83,12,20,81,70,55,51,91,62,81,15,97,86,84,71,27,12,80,23,59,46,48,79,71,50,84,30,54,20,36,39,62,39,48,21,16,55,76,99,50,100,97,86,68,21,71,67,67,11,26,2,85,96,77,84,20,29,19,64,90,84,41,77,33,69,66,87,76,77,100,9,88
k_169,67,54,56,49,71,86,48,75,4,38,2,17,21,57,11,15,10,41,53,21,58,45,63,23,97,82,81,77,45,82,3,24,72,22,55,50,49,29,16,67,87,84,4,20,71,67,2,82,86,24,39,26,52,52,65,84,67,21,11,35,26,27,81,16,74,31,78,79,54,8,13,32,43,29,5,86,11,33,92,34,34,57,26,45,68,6,59,59,94,44,72,70,87,68,40,75,92,28,56,57,81,72,83,63,99,57,68,15,20,67,97,78,30,52,34,53,58,73,44,37,26,17,89,84,77,70,63,65,85,56,32,25,1,85,28,18,93,41,25,21,42,70,60,1,2,28,50,71,18,61,63,42,76,48,4,67,46,45,89,53,32,20,23,60,50,48,33,4,58,50,47,69,61,8,71,35,55,10,79,60,89,55,10,71,57,59,77,60,87,64,21,87,69,65,41,29,33,100,15,48,44,60,91,14,90,24,62,47,41,60,87,38,29,42,76,69,20,23,22,34,41,16,79,14,60,23,43,100,41,7
k_170,24,19,95,32,20,40,91,37,62,57,27,48,67,71,85,94,24,6,100,32,8,29,26,99,76,92,11,5,59,89,9,12,45,75,23,47,46,48,16,19,71,60,55,34,100,5,83,88,80,28,71,5,78,81,46,98,68,17,18,99,24,2,31,45,42,1,57,23,8,99,48,40,29,79,53,66,49,4,6,24,38,28,65,9,2,91,49,84,70,72,71,48,78,20,27,43,48,2,82,46,10,70,58,47,47,50,44,40,22,37,89,30,63,38,43,92,61,16,31,85,76,44,9,40,62,8,11,23,100,2,22,66,96,74,66,77,42,83,75,29,71,19,30,64,61,36,69,57,12,48,79,88,80,29,66,32,46,65,47,55,9,92,13,88,74,16,10,15,67,30,84,97,90,48,5,95,47,26,90,8,26,25,51,30,57,74,13,86,37,78,75,91,23,40,21,62,93,1,73,14,18,89,99,89,86,76,37,68,4,51,92,90,45,77,59,20,76,93,88,57,44,22,67,21,20,18,40,41,94,8
k_171,82,68,86,67,2,13,2,51,49,97,94,64,56,6,46,98,74,1,53,71,69,19,26,68,56,97,86,36,44,93,76,75,65,52,74,98,83,49,54,81,51,87,3,59,28,85,87,98,94,20,17,81,45,5,51,19,8,86,44,35,20,77,77,9,84,71,14,42,25,9,34,4,96,82,95,96,74,61,65,91,34,99,6,95,4,17,67,23,96,51,67,50,15,29,92,76,42,10,46,16,29,77,92,70,59,43,69,11,71,92,62,51,52,19,26,24,54,22,52,98,89,49,65,39,73,58,61,30,57,96,45,71,97,6,84,1,79,2,65,97,6,76,76,57,82,31,2,44,62,90,98,65,54,57,84,5,56,15,63,99,96,35,83,60,78,1,23,49,52,67,9,50,18,52,17,10,90,1,55,43,38,21,62,97,96,80,10,19,24,73,23,2,59,54,47,95,51,67,76,34,97,84,63,42,76,71,42,51,100,88,82,65,26,37,43,64,24,53,39,86,9,74,61,19,32,31,50,9,37,32
k_172,98,25,44,34,90,82,50,47,79,98,73,58,32,100,64,77,31,45,76,19,30,68,86,79,48,19,39,61,33,94,8,98,38,51,6,6,63,22,75,69,81,96,55,22,25,22,4,33,50,53,42,13,12,49,42,2,98,73,50,32,67,28,95,51,19,92,26,13,27,46,33,74,50,40,39,85,81,16,5,95,94,31,1,50,41,97,70,39,30,27,9,26,10,94,35,6,35,89,42,44,68,7,93,57,13,38,30,13,27,69,36,39,8,79,95,83,11,60,28,42,39,91,47,79,65,76,37,9,94,15,30,77,54,31,94,5,32,57,92,62,5,60,20,91,59,70,73,44,93,71,46,11,69,69,84,28,94,16,100,31,53,21,24,58,81,9,39,24,16,14,96,53,31,20,94,80,86,16,29,79,46,82,30,86,46,92,47,28,44,57,80,7,17,5,57,68,54,65,11,28,98,67,12,88,94,99,60,34,54,53,25,17,41,7,19,65,54,52,50,37,98,46,78,29,82,33,28,63,23,32
k_173,57,77,99,79,6,34,72,85,96,40,65,11,14,51,2,46,7,29,33,90,39,10,32,87,94,20,32,60,76,23,73,68,34,16,1,35,80,33,79,4,82,80,3,99,78,100,4,19,66,91,97,82,13,49,96,96,71,12,79,80,40,82,100,84,87,46,28,20,5,73,76,14,20,40,17,51,19,41,82,62,71,98,68,30,86,77,54,42,20,27,66,6,51,90,28,58,89,15,43,61,5,89,83,33,97,49,16,29,66,19,74,14,39,21,4,71,5,13,49,74,78,41,82,61,54,43,54,69,12,1,24,22,90,71,9,29,8,92,33,35,48,26,65,10,55,54,53,57,72,97,98,5,13,2,24,49,90,8,56,2,97,58,32,63,98,64,2,78,53,61,35,3,51,64,49,86,53,99,90,48,78,96,24,14,23,40,69,39,44,57,19,29,51,13,87,53,29,33,98,57,98,43,13,35,30,70,85,73,88,7,73,1,33,64,68,7,12,16,9,61,77,77,3,66,26,16,66,36,34,93
k_174,52,74,99,48,79,36,63,15,59,32,35,50,81,17,29,48,57,54,73,93,93,81,27,35,41,9,76,60,34,58,31,59,48,53,32,85,26,27,44,76,7,69,84,20,29,37,16,91,37,54,32,75,79,96,35,72,36,24,19,10,15,70,66,46,21,7,86,91,17,66,72,29,37,58,67,33,74,32,38,62,75,9,22,82,95,31,13,63,53,65,82,89,70,88,49,5,1,6,97,27,68,77,81,49,39,56,98,45,70,49,74,12,94,67,98,23,89,93,86,40,97,78,67,62,45,92,62,21,9,2,1,57,70,69,4,36,12,10,46,25,85,92,71,34,31,28,100,38,83,65,22,89,14,71,90,30,16,69,90,35,4,15,48,32,75,79,26,70,55,32,31,32,38,19,69,95,67,72,5,100,7,91,69,84,81,37,48,94,52,3,88,73,38,79,30,72,9,64,93,27,56,76,47,83,97,69,69,90,4,100,73,93,81,85,16,94,96,35,60,38,52,10,65,22,70,70,64,13,19,64
k_175,62,10,10,36,5,83,6,51,26,54,7,68,78,11,89,76,89,33,41,89,54,84,40,90,52,12,71,54,59,16,85,16,32,46,4,43,57,18,39,50,76,98,89,21,6,29,6,92,30,59,63,27,93,96,7,94,80,1,78,98,91,56,79,26,86,74,17,14,24,79,42,81,22,37,84,83,98,97,77,64,38,49,92,99,20,48,95,17,18,25,92,98,68,18,85,82,73,19,68,73,23,8,51,98,96,75,31,63,33,14,94,67,5,49,5,20,90,57,10,62,48,93,20,50,80,80,21,67,88,20,92,24,29,57,5,76,97,82,19,97,38,46,87,64,8,67,16,6,96,66,97,86,47,27,97,85,7,70,32,92,58,73,92,86,66,16,94,13,15,13,84,30,44,75,5,21,55,87,89,68,36,11,45,66,52,28,16,8,29,3,18,36,23,73,7,38,48,49,6,14,97,97,93,84,83,34,42,93,71,53,74,60,84,34,65,62,49,28,63,89,55,7,84,65,75,3,87,87,67,77
k_176,44,3,69,56,90,64,36,5,82,51,37,91,23,100,7,5,66,9,55,48,100,41,46,8,64,61,18,12,65,79,81,42,16,19,70,89,41,15,30,85,10,48,22,64,36,32,83,93,97,69,4,72,81,36,21,78,87,49,3,31,2,49,38,5,94,25,88,76,32,6,1,28,64,75,22,83,73,66,70,59,94,29,17,28,21,43,42,46,8,4,45,45,50,100,9,37,71,77,17,20,28,69,81,10,29,41,57,47,100,88,89,48,75,89,40,92,74,40,65,3,58,4,14,80,22,20,78,83,16,58,22,6,13,57,29,40,70,14,77,58,27,90,62,37,21,99,46,58,89,67,46,48,11,3,83,12,23,92,68,68,30,35,80,100,4,28,35,31,94,35,52,19,36,31,79,32,42,52,18,15,78,4,94,8,56,76,16,81,3,1,92,38,97,45,44,63,89,28,77,41,17,6,85,8,70,18,80,49,82,26,65,98,73,15,10,86,55,48,98,7,22,47,9,49,72,47,16,59,39,83
k_177,39,86,86,46,43,48,20,70,90,41,3,98,99,79,30,15,72,27,82,75,46,75,87,59,29,61,8,39,54,19,46,30,59,40,51,51,57,95,34,83,1,27,80,31,7,63,96,93,78,96,40,57,91,67,35,28,70,20,82,80,50,89,91,24,69,49,33,45,27,97,97,52,16,4,46,16,80,16,83,46,69,52,25,20,100,28,25,65,34,52,9,85,57,64,33,53,68,95,85,27,43,20,29,5,33,11,57,97,24,62,78,43,64,34,18,98,55,73,54,69,12,91,76,78,93,58,60,30,97,24,78,96,6,2,31,13,89,58,40,20,68,63,26,92,83,8,72,36,99,36,7,5,60,45,30,91,27,3,11,92,36,54,22,15,34,18,19,53,8,73,41,66,4,82,37,72,60,47,83,41,68,46,96,13,88,77,69,5,60,10,48,38,55,39,82,71,44,16,41,45,40,71,70,5,6,96,62,67,7,7,13,33,83,98,15,62,29,11,22,34,31,57,72,60,77,100,31,78,73,71
k_178,36,96,67,74,38,72,95,100,78,95,91,83,94,36,52,90,52,70,41,29,80,84,36,19,73,45,4,8,74,98,99,77,36,69,89,55,20,17,7,47,81,39,33,96,71,91,21,54,20,26,12,99,3,86,6,19,53,73,95,96,81,46,94,52,23,72,65,16,100,86,59,64,99,98,14,34,10,74,26,29,80,11,63,21,20,37,84,65,10,29,92,86,66,25,83,43,68,49,73,71,75,61,39,30,92,2,26,92,28,53,87,87,99,62,47,14,39,43,27,73,59,9,73,34,16,42,41,93,21,15,10,30,8,93,56,79,24,80,28,14,30,45,94,97,57,64,46,71,64,91,13,53,40,83,78,67,7,90,20,27,8,61,100,3,89,34,79,28,34,16,19,1,70,30,30,6,75,85,29,54,72,42,56,58,14,23,83,74,42,52,68,63,64,75,57,46,57,68,29,92,91,87,77,20,54,31,47,54,43,53,24,6,36,81,84,26,49,36,63,71,45,55,55,100,47,97,27,17,60,39
k_179,50,7,94,38,70,2,18,43,11,61,48,33,92,71,50,14,45,9,17,89,73,47,26,87,34,32,62,64,14,22,58,35,15,29,96,83,32,61,100,88,63,99,93,93,5,37,27,76,37,96,74,40,69,33,25,28,8,81,72,81,80,64,57,57,75,45,26,20,12,31,3,98,6,90,25,33,88,92,71,13,42,68,12,21,13,18,88,40,82,93,31,46,15,9,31,58,4,10,90,85,34,39,60,47,35,85,14,53,94,98,45,64,94,66,46,3,63,43,27,63,79,66,71,94,36,24,97,72,66,25,63,28,71,54,76,35,95,73,5,63,95,46,54,21,30,8,26,12,3,57,98,54,65,60,20,48,98,93,62,12,80,16,67,23,71,27,70,52,70,31,90,7,73,31,19,37,55,26,8,60,4,33,88,85,80,14,23,34,90,35,76,74,42,90,19,34,11,15,64,81,1,39,86,44,97,76,69,43,16,59,44,40,35,73,64,71,38,11,47,54,16,33,15,23,73,82,29,11,72,56
k_180,12,60,92,17,64,57,9,50,65,31,54,86,71,28,99,95,38,37,97,72,77,75,37,79,33,54,42,40,25,89,38,68,32,20,23,88,8,34,42,98,59,17,50,56,8,90,37,99,51,74,82,69,32,81,79,2,93,98,24,37,63,75,52,29,35,28,46,72,78,86,62,80,8,4,90,63,25,73,47,27,41,24,39,62,96,38,15,68,42,26,67,72,84,82,78,66,56,77,19,50,40,78,58,62,3,41,30,82,11,53,14,85,31,98,95,49,50,36,2,57,25,62,73,7,78,67,70,51,51,58,16,81,91,38,57,58,84,39,85,70,55,88,92,91,52,90,82,32,84,82,47,38,11,20,19,94,19,48,98,59,92,17,11,24,30,7,7,60,29,33,39,12,1,9,92,93,31,74,25,62,43,25,23,51,54,86,93,5,85,21,65,29,41,72,7,93,29,47,23,95,5,66,87,42,58,29,19,98,12,35,16,76,8,9,85,5,9,97,52,96,36,13,83,33,95,75,65,95,64,79
k_181,93,96,67,49,7,38,52,88,59,78,87,59,6,8,13,63,63,16,61,25,27,16,21,32,80,65,62,15,25,29,3,23,92,7,6,58,26,77,68,52,53,69,71,23,98,6,11,26,63,5,22,4,81,56,8,49,19,55,77,70,28,14,25,10,74,100,98,18,71,40,27,69,22,67,24,28,3,31,30,95,52,74,25,100,44,61,51,1,85,79,9,61,30,27,90,17,45,18,72,39,6,43,27,17,46,28,80,94,84,80,97,83,83,14,25,12,27,74,43,46,7,39,7,13,72,9,37,26,46,68,43,60,86,3,65,50,64,6,22,76,98,61,60,93,96,64,28,87,60,99,14,41,31,88,57,21,45,33,37,7,71,69,45,41,96,31,12,85,25,21,63,35,85,72,99,83,48,36,17,1,28,22,48,96,27,85,98,78,87,51,53,19,25,55,18,24,21,36,79,50,85,60,69,43,39,35,61,6,27,49,24,98,31,48,14,87,99,71,9,34,77,22,52,57,61,3,43,70,56,10
k_182,51,67,98,73,62,87,74,26,60,100,90,75,3,49,27,18,63,41,38,16,43,91,58,66,53,39,31,80,69,21,96,1,88,63,6,54,65,15,69,2,17,76,99,54,28,66,76,82,5,90,70,52,66,8,49,46,41,63,100,37,20,27,24,25,74,43,35,3,51,57,34,72,36,79,82,46,73,55,10,26,71,93,91,13,22,9,6,55,38,67,4,81,37,43,69,80,6,98,92,9,38,64,36,44,19,12,56,80,3,18,63,1,31,54,98,24,44,37,96,23,41,98,69,77,76,80,19,69,15,65,90,52,49,12,97,14,83,50,77,2,36,43,73,22,99,51,72,49,48,41,15,28,55,97,80,75,52,23,5,69,40,90,9,41,56,57,84,58,87,9,95,93,59,20,31,92,100,95,87,75,33,75,30,38,79,97,69,44,93,81,3,73,46,77,92,51,47,35,38,24,49,54,54,67,67,86,72,41,35,31,56,54,49,42,25,91,94,89,36,80,100,21,7,77,87,31,96,14,97,76
k_183,60,43,48,34,75,75,95,76,71,15,96,12,21,65,82,47,23,5,43,29,19,87,57,8,87,16,55,26,15,38,47,37,25,58,12,22,82,53,86,54,42,87,10,32,84,20,63,2,45,14,65,40,32,69,17,14,4,28,96,57,26,98,87,17,28,43,2,87,28,73,7,43,18,77,48,65,12,35,32,13,98,85,55,36,47,1,42,38,74,25,9,5,2,58,21,27,10,6,20,39,85,90,87,31,90,91,52,32,75,19,83,90,88,45,44,65,52,13,11,7,82,16,16,53,55,57,60,42,77,8,19,26,96,62,27,57,64,37,70,58,94,84,58,25,19,99,73,97,82,57,25,43,12,13,6,23,14,85,89,33,15,7,16,3,16,41,32,28,55,58,38,93,26,47,88,99,36,63,25,15,49,69,11,76,68,38,29,15,29,83,9,25,67,47,64,65,5,41,23,30,78,80,9,51,26,84,34,60,62,33,81,74,98,32,72,7,89,19,19,61,81,66,21,21,26,69,62,5,83,5
k_184,67,47,6,83,62,32,76,5,26,57,85,17,95,82,95,70,88,60,2,70,75,51,80,54,25,95,33,80,79,55,60,63,69,63,87,45,5,96,43,59,38,43,99,8,40,56,2,2,18,90,18,28,32,2,75,96,77,6,86,13,59,82,50,26,53,4,76,64,94,35,42,5,23,26,79,22,86,87,48,13,73,16,74,68,21,17,84,62,52,5,14,58,59,72,11,47,73,30,46,54,16,46,21,54,59,17,52,41,2,91,64,75,4,55,14,32,48,14,22,13,90,72,81,52,37,30,25,58,35,91,70,90,91,48,26,51,74,10,3,20,95,14,31,97,36,21,86,41,62,41,54,77,23,9,85,39,47,62,30,9,6,80,41,95,22,28,87,1,97,12,60,48,38,99,18,14,57,30,45,56,4,41,96,37,52,49,97,85,11,93,1,52,90,10,55,98,47,57,67,30,8,40,65,4,53,26,46,98,11,43,20,51,6,93,55,2,75,56,77,21,65,8,77,1,13,81,26,82,100,28
k_185,13,15,35,80,38,34,69,83,83,39,18,1,31,8,58,11,38,92,65,50,19,78,43,94,24,42,19,29,38,40,38,69,23,41,56,94,53,8,37,14,81,80,61,95,81,27,80,54,53,10,99,64,63,23,71,14,71,11,94,34,52,37,73,66,11,29,68,70,56,67,48,57,78,75,72,68,40,52,96,67,93,82,54,8,52,86,4,30,20,68,40,45,16,14,95,52,36,40,46,12,89,3,92,48,94,49,78,70,15,100,52,50,80,10,92,12,75,100,52,3,70,8,27,94,13,18,35,57,45,25,15,41,47,71,86,20,78,59,21,44,42,6,33,42,22,68,33,56,83,92,70,26,51,20,38,58,84,56,12,10,83,67,17,81,78,33,73,83,73,22,42,91,70,57,37,83,93,56,13,18,54,65,12,38,72,89,87,44,22,86,86,42,2,100,40,70,55,26,97,93,93,31,78,89,60,63,12,74,80,17,93,84,70,53,62,25,16,80,7,93,40,62,64,49,50,34,47,38,33,55
k_186,15,61,65,21,12,73,59,20,63,66,93,82,29,59,35,65,93,40,54,46,82,48,70,85,6,8,32,3,25,22,16,86,19,42,63,32,30,98,28,38,1,25,58,2,75,11,41,54,53,32,53,11,6,68,9,44,5,25,33,17,77,76,82,98,45,35,50,41,4,32,43,23,53,75,26,1,30,60,73,10,87,22,9,19,2,96,67,88,54,60,29,29,36,37,50,92,52,94,87,26,51,85,26,65,29,33,98,38,35,29,73,89,59,84,20,37,17,20,31,70,66,36,10,43,60,88,55,41,13,78,97,53,22,24,77,49,80,56,37,76,22,97,83,47,52,85,35,41,82,30,15,10,79,17,48,85,2,94,35,35,68,39,45,32,34,1,7,25,66,92,81,48,28,65,37,72,39,46,97,90,39,53,8,91,81,32,9,2,57,37,84,79,12,31,22,92,14,2,81,2,60,41,51,54,71,69,10,63,95,97,28,52,29,34,51,28,23,24,54,60,75,6,88,93,88,98,79,26,60,63
k_187,9,89,6,90,89,33,85,46,50,26,39,77,41,70,64,51,8,54,36,48,70,16,1,17,8,78,89,86,3,67,29,14,50,10,39,84,56,48,87,41,39,47,19,83,18,11,17,65,68,10,83,52,29,32,4,92,62,91,29,90,88,15,68,66,72,37,49,45,80,72,62,41,26,70,3,38,49,61,51,83,68,9,9,39,85,26,88,58,47,41,81,63,40,7,41,75,100,1,10,9,29,96,31,60,73,18,86,17,95,36,71,99,32,24,74,25,31,2,52,27,5,5,76,18,26,58,22,100,88,12,78,61,3,28,48,96,9,87,23,100,82,42,27,17,72,16,75,74,89,49,99,19,44,10,32,38,76,96,21,76,38,23,99,17,36,21,37,90,38,77,52,87,5,38,35,6,2,23,8,81,6,60,43,24,98,34,38,47,29,38,49,93,7,66,59,99,55,25,89,29,44,54,88,31,95,48,28,61,84,96,42,63,72,25,53,46,35,2,51,22,96,48,88,56,20,93,24,6,83,95
k_188,27,38,8,12,32,91,30,33,87,96,81,43,40,57,68,27,60,93,4,41,38,96,96,44,9,97,25,36,65,38,59,9,65,37,5,27,26,75,53,19,89,13,15,1,51,100,29,89,44,62,77,15,40,30,61,76,58,33,66,64,55,52,48,3,82,16,76,92,56,91,99,20,79,8,45,52,29,93,32,74,26,57,18,43,76,44,94,79,95,9,68,77,74,51,7,57,18,43,46,71,46,12,46,82,25,22,42,22,48,99,40,99,23,19,16,1,87,94,91,32,53,18,38,20,87,74,72,82,86,81,15,66,95,69,18,75,23,79,3,57,77,9,60,50,17,17,79,30,87,9,39,8,34,7,34,43,72,74,29,27,89,54,4,8,9,25,53,74,24,95,50,50,35,52,3,6,59,4,5,69,24,67,56,25,40,66,20,30,95,2,78,58,55,18,98,100,72,85,68,19,80,86,99,67,92,13,76,32,91,62,58,95,9,36,32,30,10,43,97,23,34,81,66,75,10,71,25,51,90,42
k_189,83,53,29,57,5,10,70,28,69,88,78,6,61,51,97,49,7,5,94,62,38,100,52,47,82,100,84,96,100,35,72,14,5,79,65,31,73,24,66,68,60,91,43,65,60,46,28,42,2,43,10,76,93,84,92,93,90,88,28,12,29,49,78,18,70,73,28,35,12,51,29,13,71,24,96,34,5,71,31,17,91,52,88,14,84,16,96,36,83,19,96,8,14,54,50,92,58,4,53,46,18,42,33,32,22,54,18,57,79,84,37,68,61,11,22,54,3,76,4,42,31,47,11,94,41,12,40,19,99,63,89,47,24,9,64,19,88,32,78,88,69,62,93,53,13,37,32,40,55,81,100,17,87,45,31,89,67,46,65,45,19,78,84,67,6,98,68,42,42,46,54,89,39,99,94,51,52,51,15,61,82,100,20,9,58,97,57,76,87,61,19,92,90,22,36,13,43,28,5,74,27,57,96,29,21,21,21,20,38,37,45,66,57,26,99,29,49,15,49,30,58,73,25,39,11,18,68,2,99,92
k_190,88,47,62,94,90,90,47,89,20,45,25,21,77,2,27,43,49,100,99,24,5,26,51,98,41,28,55,84,92,49,88,84,42,63,23,70,10,36,55,97,39,97,16,4,37,70,60,34,37,79,31,93,80,14,30,21,77,19,40,23,21,10,79,69,17,34,12,72,48,18,30,77,65,32,24,26,50,64,60,88,34,55,82,2,64,19,43,12,11,24,3,74,27,3,88,75,60,81,7,21,57,61,29,88,49,77,57,87,86,15,88,49,43,13,10,11,60,55,100,27,26,7,82,57,19,85,33,73,35,3,85,73,100,63,3,94,32,9,92,22,72,98,62,82,84,33,82,42,28,76,29,97,73,58,64,74,67,95,98,100,100,12,34,73,89,70,80,13,36,30,6,98,4,29,2,35,55,30,96,11,59,10,79,55,89,74,40,10,100,14,79,5,58,46,68,35,30,59,4,46,76,26,34,65,46,36,33,14,93,41,38,53,85,21,95,66,34,47,95,24,23,39,53,24,19,11,57,97,9,9
k_191,75,12,36,16,63,10,88,55,46,96,55,8,87,69,73,53,22,16,51,27,45,69,12,67,7,38,52,72,13,18,21,77,7,70,70,80,46,93,88,6,89,15,72,15,34,82,43,59,72,58,25,72,1,13,90,30,93,93,60,23,40,17,64,49,85,41,35,21,7,87,70,47,47,19,1,67,40,73,55,75,31,61,28,86,71,21,76,11,94,88,84,81,54,50,72,57,55,48,2,43,49,47,71,90,26,37,41,56,81,25,1,17,24,6,4,64,23,26,79,10,79,91,94,24,40,56,100,65,17,51,60,89,51,8,51,72,29,57,26,26,71,87,81,95,92,59,82,32,76,68,16,75,80,53,23,35,47,65,34,90,74,46,34,48,18,82,23,51,44,88,91,13,73,57,9,78,5,28,32,82,95,89,20,41,72,71,81,19,37,55,76,84,65,97,59,30,68,10,40,23,48,74,100,3,63,92,66,67,38,88,63,22,50,74,77,98,72,49,23,25,91,66,31,78,28,91,69,94,59,89
k_192,26,47,33,22,84,96,39,48,49,84,46,38,60,61,23,5,16,95,68,5,11,34,7,73,65,7,15,25,77,63,53,28,85,3,52,31,84,21,18,8,37,100,49,88,75,60,78,43,8,91,1,75,91,84,34,41,63,31,6,82,44,42,73,13,58,95,51,36,78,10,3,13,54,46,29,15,89,94,41,60,90,79,81,20,99,73,77,2,90,75,57,69,67,42,95,40,88,77,74,86,81,25,59,96,83,50,30,76,1,59,98,90,41,78,39,58,34,90,81,25,83,84,51,72,95,18,93,74,67,99,40,91,77,88,95,13,8,19,1,98,36,100,64,73,94,70,31,31,22,12,20,68,4,47,23,94,66,27,89,62,57,36,55,19,70,68,83,86,15,53,75,7,59,77,29,60,64,97,23,72,50,20,35,53,23,50,73,11,75,27,51,56,68,83,38,14,99,41,21,19,34,17,85,59,57,76,26,55,86,49,19,92,25,49,54,68,74,84,33,49,96,3,9,89,21,44,61,74,50,99
k_193,17,70,62,99,69,22,22,22,42,54,20,37,27,90,9,19,48,53,68,84,4,25,85,13,81,7,67,59,33,47,82,18,18,30,67,22,64,72,96,69,56,84,29,66,78,67,64,67,31,70,2,49,29,39,71,37,23,92,18,94,57,68,60,57,31,11,97,100,47,64,51,91,13,29,48,55,37,51,71,27,69,28,23,20,92,86,75,82,48,87,7,36,29,2,64,99,3,100,67,35,2,38,43,38,72,4,24,25,91,3,86,50,67,39,54,30,13,71,15,39,74,59,93,17,96,43,7,28,62,81,10,69,100,80,24,58,16,55,36,97,5,1,88,8,42,50,61,45,48,63,2,10,77,12,46,70,7,46,83,23,95,49,45,4,5,25,29,58,94,36,30,57,28,66,99,74,31,71,4,80,20,38,12,72,21,43,67,2,6,88,58,19,86,66,67,29,65,78,54,74,79,14,63,99,57,11,43,26,79,14,56,66,42,63,48,8,78,43,26,86,72,68,46,68,18,11,76,85,77,73
k_194,22,96,32,98,50,95,65,22,58,12,37,49,99,25,95,48,28,98,49,73,91,91,80,57,68,23,96,40,38,68,43,99,85,33,9,21,70,56,68,69,27,40,84,87,18,41,8,15,14,63,53,96,14,90,92,15,19,80,89,64,14,32,7,79,59,56,93,61,24,93,100,57,74,83,27,61,83,22,73,87,42,88,74,3,51,64,46,86,46,38,13,21,81,9,71,56,31,35,71,8,80,76,66,23,17,48,26,22,35,56,7,98,51,8,95,61,21,28,30,71,30,56,90,56,66,86,98,40,68,88,94,92,11,37,92,75,58,24,15,62,39,81,77,75,9,49,63,83,15,90,73,11,54,18,60,68,39,65,100,3,46,9,96,90,81,10,32,74,50,77,27,8,86,59,32,52,10,92,2,22,66,63,7,83,99,21,4,47,78,55,53,22,3,55,89,50,42,46,65,51,7,5,1,20,82,38,90,95,24,53,9,55,26,77,64,45,100,69,67,36,44,26,42,19,70,27,74,98,72,94
k_195,74,89,41,75,56,36,70,41,80,2,45,72,24,84,16,85,96,82,40,55,31,66,94,55,22,21,98,39,96,49,8,73,39,27,89,47,23,89,80,42,97,94,22,97,37,54,32,3,23,72,40,80,16,91,70,64,21,55,59,53,25,8,5,30,30,47,35,53,41,55,78,10,40,38,90,21,79,61,44,53,71,93,75,27,29,5,61,84,56,13,26,11,33,55,14,39,93,62,90,84,57,50,61,43,8,37,56,32,60,72,30,76,60,27,26,40,25,62,46,63,39,71,96,96,75,33,27,50,43,35,52,65,87,88,76,54,1,44,74,100,39,20,21,83,66,53,19,14,85,79,38,90,62,10,97,51,17,78,50,22,43,52,33,54,50,26,26,46,61,1,76,60,66,10,9,34,61,2,38,14,30,51,86,48,84,53,45,54,15,17,94,14,71,16,96,89,60,18,43,1,24,61,89,28,64,30,15,20,97,70,53,63,16,27,35,87,66,8,46,72,54,24,70,99,91,47,25,99,55,41
k_196,92,94,8,24,3,6,92,74,29,76,82,38,26,82,39,11,3,7,92,4,2,96,33,44,7,83,77,51,96,5,25,8,90,5,77,51,34,58,13,27,30,26,20,85,73,15,95,1,96,36,42,9,69,67,96,75,89,51,66,90,59,16,33,34,12,2,67,82,14,79,8,39,58,31,44,23,33,65,48,89,60,26,70,9,76,28,86,5,74,62,88,57,45,49,2,32,93,90,48,7,74,9,61,92,43,80,83,45,74,3,5,22,31,30,91,47,94,41,39,21,93,48,93,69,16,46,73,14,1,3,30,17,38,82,3,59,30,96,100,36,93,14,72,100,39,85,97,32,33,94,22,49,52,30,57,89,41,61,11,92,84,62,30,32,47,9,76,71,66,11,51,21,97,98,29,15,93,25,84,6,92,13,36,92,10,91,100,90,81,92,99,39,95,15,77,43,66,51,36,59,46,15,70,94,1,32,51,2,91,68,12,1,45,93,41,36,70,75,97,68,43,88,33,41,4,62,100,16,20,75
k_197,78,57,34,98,14,45,40,50,16,47,76,36,89,96,94,64,54,70,30,76,65,87,88,15,13,68,78,78,68,76,34,70,56,45,91,73,84,69,60,72,81,75,95,60,24,80,89,68,38,27,6,67,95,41,3,86,22,49,58,63,69,93,25,8,41,45,89,8,5,71,88,6,12,80,21,51,1,17,22,98,75,92,87,2,87,86,37,8,23,60,86,40,38,89,98,8,23,38,97,67,93,37,38,57,48,54,54,21,20,97,30,70,14,84,35,47,47,13,24,97,31,72,56,68,54,76,60,7,49,12,48,94,49,63,60,64,65,86,73,97,60,44,77,70,39,96,29,59,64,23,12,45,84,65,10,31,12,76,25,94,57,85,90,16,45,27,63,57,12,93,48,3,10,31,5,55,40,82,73,37,47,5,4,3,51,25,97,31,43,56,84,65,30,60,56,43,32,29,15,46,10,56,30,32,57,93,66,62,41,4,66,87,79,39,60,29,94,43,89,13,33,81,83,65,3,23,46,65,47,18
k_198,16,40,32,92,74,43,54,39,29,55,80,62,59,59,57,4,4,71,66,5,24,75,25,69,73,77,28,81,88,26,21,41,3,19,74,56,95,100,46,4,63,21,13,66,74,4,55,41,49,91,99,33,40,78,23,42,29,51,47,50,36,13,7,29,23,54,7,64,43,37,33,40,56,63,36,10,43,29,83,34,93,51,72,85,57,85,57,55,42,74,20,86,37,98,10,14,53,40,29,96,70,84,26,51,99,62,65,2,44,34,32,100,45,96,74,38,62,86,48,47,13,11,95,22,74,59,4,70,15,37,61,80,52,75,42,72,85,16,96,82,79,62,73,73,25,34,13,79,1,72,98,75,58,67,74,53,21,31,56,32,75,27,57,16,72,64,72,3,4,54,78,98,99,83,52,50,65,33,20,78,77,51,66,6,70,55,73,18,96,31,70,21,87,22,35,96,3,76,39,36,39,78,56,41,20,4,2,65,35,18,81,32,47,99,38,91,65,52,78,16,67,8,42,52,4,4,3,99,64,87
k_199,21,93,37,42,34,83,94,83,83,31,46,51,93,61,88,14,18,77,100,10,69,5,69,50,46,40,4,93,96,15,36,88,94,65,23,40,28,56,81,46,2,14,75,57,20,31,76,86,94,23,67,66,82,9,74,86,10,91,10,99,18,22,35,52,89,89,28,73,82,18,28,93,29,35,76,28,11,82,75,100,57,80,23,60,25,14,45,1,84,52,24,14,100,60,81,16,58,13,73,57,20,3,6,31,60,81,77,64,80,38,83,24,7,43,100,22,20,96,45,82,28,96,83,28,58,6,76,92,22,10,18,2,95,98,54,47,100,9,22,3,22,58,78,33,85,93,46,98,8,58,67,100,39,25,83,85,99,54,7,44,12,95,57,82,74,20,75,97,28,49,69,77,98,52,60,9,62,72,65,55,19,24,49,69,47,75,53,51,16,18,24,19,28,25,88,40,15,38,55,59,32,29,96,100,71,66,72,10,57,24,80,49,85,94,92,29,98,41,25,24,58,44,18,38,74,92,21,3,86,18
